    r     rho_a(r)         V(r)  F(rho_a(r))
    6  9.30166e-08            0 -2.62896e-05
5.994  9.48803e-08            0 -2.68163e-05
5.988  9.67807e-08            0 -2.73534e-05
5.982  9.87186e-08            0 -2.79011e-05
5.976  1.00695e-07            0 -2.84597e-05
 5.97   1.0271e-07            0 -2.90292e-05
5.964  1.04765e-07            0 -2.96099e-05
5.958   1.0686e-07            0 -3.02021e-05
5.952  1.08996e-07            0 -3.08059e-05
5.946  1.11175e-07            0 -3.14216e-05
 5.94  1.13396e-07            0 -3.20495e-05
5.934  1.15661e-07            0 -3.26897e-05
5.928  1.17971e-07            0 -3.33424e-05
5.922  1.20326e-07            0  -3.4008e-05
5.916  1.22727e-07            0 -3.46867e-05
 5.91  1.25175e-07            0 -3.53787e-05
5.904  1.27672e-07            0 -3.60842e-05
5.898  1.30217e-07            0 -3.68037e-05
5.892  1.32813e-07            0 -3.75372e-05
5.886  1.35459e-07            0 -3.82851e-05
 5.88  1.38157e-07            0 -3.90477e-05
5.874  1.40908e-07            0 -3.98253e-05
5.868  1.43713e-07            0  -4.0618e-05
5.862  1.46573e-07            0 -4.14263e-05
5.856  1.49489e-07            0 -4.22504e-05
 5.85  1.52461e-07            0 -4.30906e-05
5.844  1.55492e-07            0 -4.39473e-05
5.838  1.58583e-07            0 -4.48207e-05
5.832  1.61734e-07            0 -4.57112e-05
5.826  1.64946e-07            0 -4.66191e-05
 5.82  1.68221e-07            0 -4.75448e-05
5.814   1.7156e-07            0 -4.84885e-05
5.808  1.74964e-07            0 -4.94506e-05
5.802  1.78434e-07            0 -5.04315e-05
5.796  1.81973e-07            0 -5.14315e-05
 5.79   1.8558e-07            0  -5.2451e-05
5.784  1.89257e-07            0 -5.34904e-05
5.778  1.93007e-07            0 -5.45501e-05
5.772  1.96829e-07            0 -5.56303e-05
5.766  2.00725e-07            0 -5.67316e-05
 5.76  2.04698e-07            0 -5.78544e-05
5.754  2.08748e-07            0  -5.8999e-05
5.748  2.12876e-07            0 -6.01658e-05
5.742  2.17085e-07            0 -6.13553e-05
5.736  2.21375e-07            0  -6.2568e-05
 5.73  2.25749e-07            0 -6.38042e-05
5.724  2.30208e-07            0 -6.50644e-05
5.718  2.34753e-07            0  -6.6349e-05
5.712  2.39387e-07            0 -6.76586e-05
5.706   2.4411e-07            0 -6.89936e-05
  5.7  2.48925e-07            0 -7.03545e-05
5.694  2.53833e-07            0 -7.17417e-05
5.688  2.58837e-07            0 -7.31558e-05
5.682  2.63937e-07            0 -7.45973e-05
5.676  2.69136e-07            0 -7.60667e-05
 5.67  2.74435e-07            0 -7.75645e-05
5.664  2.79838e-07            0 -7.90913e-05
5.658  2.85344e-07            0 -8.06476e-05
5.652  2.90957e-07            0  -8.2234e-05
5.646  2.96678e-07            0 -8.38511e-05
 5.64   3.0251e-07            0 -8.54994e-05
5.634  3.08455e-07            0 -8.71795e-05
5.628  3.14514e-07            0  -8.8892e-05
5.622   3.2069e-07            0 -9.06375e-05
5.616  3.26985e-07            0 -9.24167e-05
 5.61  3.33401e-07            0 -9.42302e-05
5.604  3.39941e-07            0 -9.60787e-05
5.598  3.46607e-07            0 -9.79627e-05
5.592  3.53402e-07            0  -9.9883e-05
5.586  3.60327e-07            0  -0.00010184
 5.58  3.67385e-07            0 -0.000103835
5.574  3.74579e-07            0 -0.000105868
5.568  3.81912e-07            0 -0.000107941
5.562  3.89385e-07            0 -0.000110053
5.556  3.97001e-07            0 -0.000112206
 5.55  4.04764e-07            0   -0.0001144
5.544  4.12676e-07            0 -0.000116636
5.538   4.2074e-07            0 -0.000118915
5.532  4.28958e-07            0 -0.000121238
5.526  4.37334e-07            0 -0.000123605
 5.52   4.4587e-07            0 -0.000126017
5.514  4.54569e-07            0 -0.000128476
5.508  4.63435e-07            0 -0.000130982
5.502  4.72471e-07            0 -0.000133536
5.496   4.8168e-07            0 -0.000136139
 5.49  4.91064e-07            0 -0.000138791
5.484  5.00628e-07            0 -0.000141494
5.478  5.10375e-07            0 -0.000144249
5.472  5.20308e-07            0 -0.000147056
5.466   5.3043e-07            0 -0.000149917
 5.46  5.40745e-07            0 -0.000152833
5.454  5.51258e-07            0 -0.000155804
5.448   5.6197e-07            0 -0.000158831
5.442  5.72887e-07            0 -0.000161917
5.436  5.84011e-07            0 -0.000165061
 5.43  5.95347e-07            0 -0.000168265
5.424  6.06899e-07            0  -0.00017153
5.418  6.18671e-07            0 -0.000174857
5.412  6.30667e-07            0 -0.000178247
5.406   6.4289e-07            0 -0.000181702
  5.4  6.55346e-07            0 -0.000185222
5.394  6.68038e-07            0  -0.00018881
5.388  6.80971e-07            0 -0.000192465
5.382  6.94149e-07            0 -0.000196189
5.376  7.07577e-07            0 -0.000199985
 5.37   7.2126e-07            0 -0.000203852
5.364  7.35202e-07            0 -0.000207792
5.358  7.49408e-07            0 -0.000211808
5.352  7.63883e-07            0 -0.000215899
5.346  7.78632e-07            0 -0.000220067
 5.34   7.9366e-07            0 -0.000224314
5.334  8.08972e-07            0 -0.000228642
5.328  8.24573e-07            0 -0.000233051
5.322  8.40468e-07            0 -0.000237544
5.316  8.56664e-07            0 -0.000242122
 5.31  8.73166e-07            0 -0.000246785
5.304  8.89979e-07            0 -0.000251537
5.298  9.07108e-07            0 -0.000256379
5.292  9.24561e-07            0 -0.000261311
5.286  9.42342e-07            0 -0.000266337
 5.28  9.60458e-07            0 -0.000271457
5.274  9.78915e-07            0 -0.000276674
5.268  9.97719e-07            0 -0.000281988
5.262  1.01688e-06            0 -0.000287403
5.256  1.03639e-06            0 -0.000292919
 5.25  1.05628e-06            0 -0.000298539
5.244  1.07654e-06            0 -0.000304264
5.238  1.09717e-06            0 -0.000310097
5.232   1.1182e-06            0  -0.00031604
5.226  1.13962e-06            0 -0.000322093
 5.22  1.16144e-06            0 -0.000328261
5.214  1.18367e-06            0 -0.000334543
5.208  1.20631e-06            0 -0.000340943
5.202  1.22938e-06            0 -0.000347464
5.196  1.25288e-06            0 -0.000354106
 5.19  1.27682e-06            0 -0.000360872
5.184  1.30121e-06            0 -0.000367764
5.178  1.32605e-06            0 -0.000374786
5.172  1.35136e-06            0 -0.000381938
5.166  1.37714e-06            0 -0.000389224
 5.16   1.4034e-06            0 -0.000396646
5.154  1.43014e-06            0 -0.000404206
5.148  1.45739e-06            0 -0.000411907
5.142  1.48515e-06            0 -0.000419752
5.136  1.51342e-06            0 -0.000427742
 5.13  1.54222e-06            0 -0.000435881
5.124  1.57155e-06            0 -0.000444172
5.118  1.60143e-06            0 -0.000452616
5.112  1.63186e-06            0 -0.000461218
5.106  1.66286e-06            0 -0.000469979
  5.1  1.69443e-06            0 -0.000478903
5.094  1.72659e-06            0 -0.000487992
5.088  1.75935e-06            0  -0.00049725
5.082  1.79271e-06            0 -0.000506679
5.076  1.82669e-06            0 -0.000516284
 5.07   1.8613e-06            0 -0.000526066
5.064  1.89655e-06            0 -0.000536028
5.058  1.93246e-06            0 -0.000546176
5.052  1.96902e-06            0 -0.000556511
5.046  2.00626e-06            0 -0.000567036
 5.04  2.04419e-06            0 -0.000577756
5.034  2.08282e-06            0 -0.000588674
5.028  2.12217e-06            0 -0.000599794
5.022  2.16223e-06            0 -0.000611118
5.016  2.20304e-06            0 -0.000622652
 5.01   2.2446e-06            0 -0.000634397
5.004  2.28692e-06            0 -0.000646359
4.998  2.33002e-06            0 -0.000658541
4.992  2.37392e-06            0 -0.000670947
4.986  2.41862e-06            0 -0.000683581
 4.98  2.46414e-06            0 -0.000696447
4.974   2.5105e-06            0  -0.00070955
4.968  2.55771e-06            0 -0.000722893
4.962  2.60578e-06            0  -0.00073648
4.956  2.65474e-06            0 -0.000750317
 4.95  2.70459e-06            0 -0.000764408
4.944  2.75536e-06            0 -0.000778756
4.938  2.80706e-06            0 -0.000793367
4.932   2.8597e-06            0 -0.000808245
4.926   2.9133e-06            0 -0.000823396
 4.92  2.96789e-06            0 -0.000838823
4.914  3.02347e-06            0 -0.000854532
4.908  3.08007e-06            0 -0.000870528
4.902   3.1377e-06            0 -0.000886816
4.896  3.19637e-06            0 -0.000903401
 4.89  3.25612e-06            0 -0.000920288
4.884  3.31696e-06            0 -0.000937483
4.878  3.37891e-06            0 -0.000954991
4.872  3.44198e-06            0 -0.000972817
4.866   3.5062e-06            0 -0.000990968
 4.86  3.57159e-06            0  -0.00100945
4.854  3.63816e-06            0  -0.00102826
4.848  3.70595e-06            0  -0.00104742
4.842  3.77496e-06            0  -0.00106693
4.836  3.84523e-06            0  -0.00108679
 4.83  3.91676e-06            0  -0.00110701
4.824   3.9896e-06            0  -0.00112759
4.818  4.06375e-06            0  -0.00114855
4.812  4.13925e-06            0  -0.00116989
4.806  4.21611e-06            0  -0.00119161
  4.8  4.29436e-06            0  -0.00121373
4.794  4.37403e-06            0  -0.00123624
4.788  4.45513e-06            0  -0.00125917
4.782   4.5377e-06            0   -0.0012825
4.776  4.62175e-06            0  -0.00130626
 4.77  4.70732e-06            0  -0.00133044
4.764  4.79444e-06            0  -0.00135507
4.758  4.88312e-06            0  -0.00138013
4.752  4.97339e-06            0  -0.00140564
4.746  5.06529e-06            0  -0.00143162
 4.74  5.15884e-06            0  -0.00145806
4.734  5.25408e-06            0  -0.00148498
4.728  5.35102e-06            0  -0.00151237
4.722   5.4497e-06            0  -0.00154026
4.716  5.55015e-06            0  -0.00156866
 4.71   5.6524e-06            0  -0.00159756
4.704  5.75648e-06            0  -0.00162697
4.698  5.86243e-06            0  -0.00165692
4.692  5.97027e-06            0  -0.00168739
4.686  6.08004e-06            0  -0.00171842
 4.68  6.19177e-06            0     -0.00175
4.674  6.30549e-06            0  -0.00178214
4.668  6.42125e-06            0  -0.00181486
4.662  6.53907e-06            0  -0.00184816
4.656  6.65899e-06            0  -0.00188205
 4.65  6.78104e-06            0  -0.00191655
4.644  6.90527e-06            0  -0.00195166
4.638  7.03171e-06            0  -0.00198739
4.632   7.1604e-06            0  -0.00202376
4.626  7.29137e-06            0  -0.00206078
 4.62  7.42467e-06            0  -0.00209846
4.614  7.56034e-06            0   -0.0021368
4.608  7.69842e-06            0  -0.00217583
4.602  7.83894e-06            0  -0.00221554
4.596  7.98195e-06            0  -0.00225596
 4.59  8.12749e-06            0   -0.0022971
4.584  8.27561e-06            0  -0.00233896
4.578  8.42635e-06            0  -0.00238156
4.572  8.57975e-06            0  -0.00242492
4.566  8.73586e-06            0  -0.00246904
 4.56  8.89473e-06            0  -0.00251394
4.554   9.0564e-06            0  -0.00255964
4.548  9.22092e-06            0  -0.00260614
4.542  9.38834e-06            0  -0.00265345
4.536  9.55871e-06            0  -0.00270161
 4.53  9.73207e-06            0   -0.0027506
4.524  9.90849e-06            0  -0.00280046
4.518   1.0088e-05            0   -0.0028512
4.512  1.02707e-05            0  -0.00290283
4.506  1.04565e-05            0  -0.00295536
  4.5  1.06457e-05            0  -0.00300882
4.494  1.08381e-05            0  -0.00306321
4.488  1.10339e-05            0  -0.00311855
4.482  1.12332e-05            0  -0.00317487
4.476  1.14359e-05            0  -0.00323217
 4.47  1.16422e-05            0  -0.00329047
4.464  1.18521e-05            0  -0.00334979
4.458  1.20656e-05            0  -0.00341014
4.452  1.22829e-05            0  -0.00347155
4.446  1.25039e-05            0  -0.00353403
 4.44  1.27289e-05            0  -0.00359759
4.434  1.29577e-05            0  -0.00366227
4.428  1.31905e-05            0  -0.00372807
4.422  1.34274e-05            0  -0.00379501
4.416  1.36683e-05            0  -0.00386312
 4.41  1.39135e-05            0  -0.00393241
4.404  1.41629e-05            0  -0.00400291
4.398  1.44167e-05            0  -0.00407462
4.392  1.46748e-05            0  -0.00414758
4.386  1.49374e-05            0   -0.0042218
 4.38  1.52046e-05            0  -0.00429731
4.374  1.54763e-05            0  -0.00437413
4.368  1.57528e-05            0  -0.00445227
4.362  1.60341e-05            0  -0.00453176
4.356  1.63202e-05            0  -0.00461262
 4.35  1.66112e-05            0  -0.00469488
4.344  1.69073e-05            0  -0.00477856
4.338  1.72085e-05            0  -0.00486368
4.332  1.75148e-05            0  -0.00495026
4.326  1.78264e-05            0  -0.00503834
 4.32  1.81434e-05            0  -0.00512792
4.314  1.84658e-05            0  -0.00521905
4.308  1.87938e-05            0  -0.00531174
4.302  1.91274e-05            0  -0.00540603
4.296  1.94667e-05            0  -0.00550192
 4.29  1.98118e-05            0  -0.00559946
4.284  2.01628e-05            0  -0.00569868
4.278  2.05198e-05            0  -0.00579958
4.272   2.0883e-05            0  -0.00590222
4.266  2.12523e-05            0   -0.0060066
 4.26   2.1628e-05            0  -0.00611277
4.254    2.201e-05            0  -0.00622075
4.248  2.23986e-05            0  -0.00633057
4.242  2.27938e-05            0  -0.00644226
4.236  2.31957e-05            0  -0.00655586
 4.23  2.36044e-05            0  -0.00667138
4.224  2.40201e-05            0  -0.00678887
4.218  2.44429e-05            0  -0.00690836
4.212  2.48728e-05            0  -0.00702987
4.206    2.531e-05            0  -0.00715344
  4.2  2.57546e-05            0  -0.00727911
4.194  2.62068e-05            0  -0.00740691
4.188  2.66666e-05            0  -0.00753687
4.182  2.71342e-05            0  -0.00766902
4.176  2.76097e-05            0  -0.00780342
 4.17  2.80933e-05            0  -0.00794008
4.164  2.85849e-05            0  -0.00807904
4.158  2.90849e-05            0  -0.00822035
4.152  2.95933e-05            0  -0.00836404
4.146  3.01103e-05            0  -0.00851015
 4.14  3.06359e-05            0  -0.00865872
4.134  3.11704e-05            0  -0.00880979
4.128  3.17139e-05            0  -0.00896339
4.122  3.22665e-05            0  -0.00911958
4.116  3.28284e-05            0  -0.00927838
 4.11  3.33997e-05            0  -0.00943984
4.104  3.39805e-05            0  -0.00960401
4.098  3.45711e-05            0  -0.00977093
4.092  3.51716e-05            0  -0.00994064
4.086  3.57821e-05            0   -0.0101132
 4.08  3.64027e-05            0   -0.0102886
4.074  3.70338e-05            0    -0.010467
4.068  3.76754e-05            0   -0.0106483
4.062  3.83276e-05            0   -0.0108326
4.056  3.89907e-05            0   -0.0110201
 4.05  3.96649e-05            0   -0.0112106
4.044  4.03502e-05            0   -0.0114043
4.038  4.10469e-05            0   -0.0116012
4.032  4.17552e-05            0   -0.0118014
4.026  4.24753e-05            0   -0.0120049
 4.02  4.32072e-05            0   -0.0122118
4.014  4.39513e-05            0   -0.0124221
4.008  4.47077e-05            0   -0.0126359
4.002  4.54766e-05            0   -0.0128532
3.996  4.62582e-05            0   -0.0130741
 3.99  4.70527e-05            0   -0.0132986
3.984  4.78603e-05            0   -0.0135269
3.978  4.86813e-05            0   -0.0137589
3.972  4.95157e-05            0   -0.0139948
3.966  5.03639e-05            0   -0.0142345
 3.96   5.1226e-05            0   -0.0144781
3.954  5.21022e-05            0   -0.0147258
3.948  5.29929e-05            0   -0.0149775
3.942  5.38982e-05            0   -0.0152334
3.936  5.48183e-05            0   -0.0154934
 3.93  5.57534e-05            0   -0.0157577
3.924  5.67039e-05            0   -0.0160264
3.918  5.76699e-05            0   -0.0162994
3.912  5.86517e-05            0   -0.0165769
3.906  5.96495e-05            0   -0.0168589
  3.9  6.06636e-05            0   -0.0171455
3.894  6.16942e-05            0   -0.0174368
3.888  6.27416e-05            0   -0.0177328
3.882   6.3806e-05            0   -0.0180336
3.876  6.48877e-05            0   -0.0183394
 3.87   6.5987e-05            0   -0.0186501
3.864  6.71042e-05            0   -0.0189658
3.858  6.82394e-05            0   -0.0192867
3.852  6.93931e-05            0   -0.0196127
3.846  7.05654e-05            0   -0.0199441
 3.84  7.17567e-05            0   -0.0202807
3.834  7.29672e-05            0   -0.0206229
3.828  7.41973e-05            0   -0.0209705
3.822  7.54473e-05            0   -0.0213238
3.816  7.67173e-05            0   -0.0216828
 3.81  7.80079e-05            0   -0.0220475
3.804  7.93192e-05            0   -0.0224181
3.798  8.06516e-05            0   -0.0227947
3.792  8.20054e-05            0   -0.0231774
3.786   8.3381e-05            0   -0.0235661
 3.78  8.47786e-05            0   -0.0239611
3.774  8.61986e-05            0   -0.0243625
3.768  8.76414e-05            0   -0.0247702
3.762  8.91072e-05            0   -0.0251845
3.756  9.05965e-05            0   -0.0256054
 3.75  9.21096e-05            0   -0.0260331
3.744  9.36468e-05            0   -0.0264675
3.738  9.52085e-05            0   -0.0269089
3.732  9.67951e-05            0   -0.0273573
3.726   9.8407e-05            0   -0.0278129
 3.72  0.000100044            0   -0.0282757
3.714  0.000101708            0   -0.0287459
3.708  0.000103398            0   -0.0292235
3.702  0.000105115            0   -0.0297087
3.696  0.000106859            0   -0.0302016
 3.69   0.00010863            0   -0.0307023
3.684   0.00011043            0   -0.0312109
3.678  0.000112258            0   -0.0317276
3.672  0.000114115            0   -0.0322524
3.666  0.000116001            0   -0.0327855
 3.66  0.000117917            0    -0.033327
3.654  0.000119863            0    -0.033877
3.648   0.00012184            0   -0.0344357
3.642  0.000123848            0   -0.0350032
3.636  0.000125887            0   -0.0355796
 3.63  0.000127959            0   -0.0361651
3.624  0.000130063            0   -0.0367597
3.618    0.0001322            0   -0.0373636
3.612   0.00013437            0   -0.0379771
3.606  0.000136575            0   -0.0386001
  3.6  0.000138813            0   -0.0392328
3.594  0.000141087            0   -0.0398754
3.588  0.000143396            0   -0.0405281
3.582  0.000145742            0   -0.0411909
3.576  0.000148124            0   -0.0418641
 3.57  0.000150542            0   -0.0425477
3.564  0.000152999            0   -0.0432419
3.558  0.000155493            0    -0.043947
3.552  0.000158027            0   -0.0446629
3.546    0.0001606            0     -0.04539
 3.54  0.000163212            0   -0.0461284
3.534  0.000165865            0   -0.0468782
3.528  0.000168559            0   -0.0476395
3.522  0.000171295            0   -0.0484127
3.516  0.000174072            0   -0.0491977
 3.51  0.000176893            0   -0.0499949
3.504  0.000179757            0   -0.0508044
3.498  0.000182666            0   -0.0516263
3.492  0.000185619            0   -0.0524609
3.486  0.000188617            0   -0.0533082
 3.48  0.000191661            0   -0.0541686
3.474  0.000194752            0   -0.0550422
3.468  0.000197891            0   -0.0559292
3.462  0.000201078            0   -0.0568298
3.456  0.000204313            0   -0.0577442
 3.45  0.000207598            0   -0.0586725
3.444  0.000210933            0    -0.059615
3.438  0.000214319            0   -0.0605719
3.432  0.000217756            0   -0.0615434
3.426  0.000221246            0   -0.0625296
 3.42  0.000224789            0   -0.0635309
3.414  0.000228386            0   -0.0645474
3.408  0.000232037            0   -0.0655793
3.402  0.000235744            0   -0.0666269
3.396  0.000239507            0   -0.0676904
 3.39  0.000243327            0     -0.06877
3.384  0.000247205            0   -0.0698659
3.378  0.000251142            0   -0.0709784
3.372  0.000255138            0   -0.0721077
3.366  0.000259195            0   -0.0732541
 3.36  0.000263312            0   -0.0744177
3.354  0.000267492            0   -0.0755988
3.348  0.000271734            0   -0.0767978
3.342  0.000276041            0   -0.0780147
3.336  0.000280412            0     -0.07925
 3.33  0.000284849            0   -0.0805038
3.324  0.000289352            0   -0.0817764
3.318  0.000293923            0    -0.083068
3.312  0.000298562            0    -0.084379
3.306  0.000303271            0   -0.0857096
  3.3   0.00030805            0   -0.0870601
3.294    0.0003129            0   -0.0884308
3.288  0.000317823            0   -0.0898219
3.282  0.000322819            0   -0.0912337
3.276  0.000327889            0   -0.0926665
 3.27  0.000333035            0   -0.0941207
3.264  0.000338258            0   -0.0955964
3.258  0.000343558            0   -0.0970941
3.252  0.000348937            0    -0.098614
3.246  0.000354395            0    -0.100156
 3.24  0.000359934            0    -0.101722
3.234  0.000365556            0     -0.10331
3.228   0.00037126            0    -0.104922
3.222  0.000377049            0    -0.106558
3.216  0.000382923            0    -0.108217
 3.21  0.000388884            0    -0.109902
3.204  0.000394932            0    -0.111611
3.198   0.00040107            0    -0.113345
3.192  0.000407298            0    -0.115105
3.186  0.000413617            0     -0.11689
 3.18   0.00042003            0    -0.118702
3.174  0.000426536            0     -0.12054
3.168  0.000433138            0    -0.122405
3.162  0.000439836            0    -0.124298
3.156  0.000446632            0    -0.126218
 3.15  0.000453528            0    -0.128166
3.144  0.000460524            0    -0.130143
3.138  0.000467622            0    -0.132149
3.132  0.000474824            0    -0.134183
3.126  0.000482131            0    -0.136248
 3.12  0.000489544            0    -0.138342
3.114  0.000497065            0    -0.140467
3.108  0.000504695            0    -0.142622
3.102  0.000512436            0    -0.144809
3.096  0.000520289            0    -0.147028
 3.09  0.000528256            0    -0.149278
3.084  0.000536339            0    -0.151561
3.078  0.000544538            0    -0.153878
3.072  0.000552855            0    -0.156227
3.066  0.000561293            0    -0.158611
 3.06  0.000569853            0    -0.161028
3.054  0.000578536            0    -0.163481
3.048  0.000587344            0    -0.165969
3.042  0.000596278            0    -0.168493
3.036  0.000605341            0    -0.171053
 3.03  0.000614535            0    -0.173649
3.024   0.00062386            0    -0.176283
3.018  0.000633319            0    -0.178955
3.012  0.000642914            0    -0.181664
3.006  0.000652645            0    -0.184413
    3  0.000662517  3.13146e-08    -0.187201
2.994  0.000672529  4.03487e-07    -0.190028
2.988  0.000682684  1.58783e-06    -0.192896
2.982  0.000692984  4.08254e-06    -0.195805
2.976  0.000703431  8.41179e-06    -0.198755
 2.97  0.000714027   1.5126e-05    -0.201747
2.964  0.000724773  2.48023e-05    -0.204782
2.958  0.000735673  3.80442e-05    -0.207859
2.952  0.000746727  5.54827e-05     -0.21098
2.946  0.000757938  7.77759e-05    -0.214146
 2.94  0.000769308   0.00010561    -0.217356
2.934   0.00078084  0.000139698    -0.220612
2.928  0.000792534  0.000180782    -0.223914
2.922  0.000804395  0.000229632    -0.227262
2.916  0.000816423  0.000287048    -0.230658
 2.91   0.00082862  0.000353858    -0.234101
2.904  0.000840991  0.000430919    -0.237593
2.898  0.000853535  0.000519118    -0.241134
2.892  0.000866257  0.000619374    -0.244725
2.886  0.000879157  0.000732632    -0.248366
 2.88  0.000892239  0.000859872    -0.252058
2.874  0.000905505    0.0010021    -0.255802
2.868  0.000918958   0.00116036    -0.259599
2.862  0.000932599   0.00133573    -0.263449
2.856  0.000946432    0.0015293    -0.267352
 2.85  0.000960459   0.00174221     -0.27131
2.844  0.000974682   0.00197563    -0.275323
2.838  0.000989104   0.00223077    -0.279393
2.832   0.00100373   0.00250885    -0.283519
2.826   0.00101856   0.00281115    -0.287702
 2.82   0.00103359   0.00313896    -0.291944
2.814   0.00104884   0.00349363    -0.296244
2.808   0.00106429   0.00387653    -0.300605
2.802   0.00107997   0.00428906    -0.305025
2.796   0.00109586   0.00473267    -0.309507
 2.79   0.00111197   0.00520882    -0.314051
2.784   0.00112831   0.00571905    -0.318658
2.778   0.00114487   0.00626489    -0.323329
2.772   0.00116166   0.00684794    -0.328064
2.766   0.00117869   0.00746982    -0.332865
 2.76   0.00119595   0.00813219    -0.337732
2.754   0.00121345   0.00883676    -0.342666
2.748    0.0012312   0.00958526    -0.347667
2.742   0.00124919    0.0103795    -0.352738
2.736   0.00126743    0.0112212    -0.357878
 2.73   0.00128592    0.0121124    -0.363089
2.724   0.00130466    0.0130548    -0.368371
2.718   0.00132366    0.0140505    -0.373726
2.712   0.00134293    0.0151013    -0.379154
2.706   0.00136246    0.0162094    -0.384656
  2.7   0.00138226    0.0173768    -0.390234
2.694   0.00140233    0.0186056    -0.395887
2.688   0.00142268     0.019898    -0.401618
2.682   0.00144331    0.0212561    -0.407427
2.676   0.00146422    0.0226822    -0.413315
 2.67   0.00148542    0.0241786    -0.419284
2.664   0.00150691    0.0257475    -0.425333
2.658   0.00152869    0.0273915    -0.431464
2.652   0.00155077    0.0291128    -0.437679
2.646   0.00157315     0.030914    -0.443978
 2.64   0.00159584    0.0327976    -0.450363
2.634   0.00161884    0.0347661    -0.456834
2.628   0.00164216    0.0368222    -0.463392
2.622   0.00166579    0.0389685    -0.470039
2.616   0.00168974    0.0412076    -0.476776
 2.61   0.00171402    0.0435425    -0.483603
2.604   0.00173864    0.0459758    -0.490523
2.598   0.00176358    0.0485105    -0.497535
2.592   0.00178887    0.0511494    -0.504643
2.586    0.0018145    0.0538956    -0.511845
 2.58   0.00184048    0.0567519    -0.519144
2.574   0.00186681    0.0597216    -0.526542
2.568    0.0018935    0.0628077    -0.534038
2.562   0.00192055    0.0660134    -0.541634
2.556   0.00194797    0.0693419    -0.549333
 2.55   0.00197576    0.0727966    -0.557134
2.544   0.00200393    0.0763807    -0.565039
2.538   0.00203247    0.0800978     -0.57305
2.532   0.00206141    0.0839511    -0.581167
2.526   0.00209073    0.0879444    -0.589392
 2.52   0.00212046    0.0920811    -0.597727
2.514   0.00215058    0.0963649    -0.606173
2.508   0.00218111     0.100799     -0.61473
2.502   0.00221205     0.105389    -0.623401
2.496   0.00224341     0.110136    -0.632187
 2.49    0.0022752     0.115046    -0.641089
2.484   0.00230741     0.120122    -0.650109
2.478   0.00234005     0.125368    -0.659248
2.472   0.00237314     0.130789    -0.668507
2.466   0.00240667     0.136388    -0.677888
 2.46   0.00244065      0.14217    -0.687393
2.454   0.00247508     0.148138    -0.697022
2.448   0.00250999     0.154298    -0.706778
2.442   0.00254535     0.160654    -0.716662
2.436    0.0025812      0.16721    -0.726676
 2.43   0.00261752     0.173971     -0.73682
2.424   0.00265434     0.180942    -0.747097
2.418   0.00269164     0.188126    -0.757509
2.412   0.00272945      0.19553    -0.768056
2.406   0.00276776     0.203157     -0.77874
  2.4   0.00280659     0.211013    -0.789563
2.394   0.00284594     0.219103    -0.800527
2.388   0.00288581     0.227431    -0.811633
2.382   0.00292622     0.236004    -0.822884
2.376   0.00296716     0.244826    -0.834279
 2.37   0.00300866     0.253902    -0.845822
2.364   0.00305071     0.263239    -0.857515
2.358   0.00309332     0.272841    -0.869357
2.352    0.0031365     0.282714    -0.881353
2.346   0.00318025     0.292863    -0.893502
 2.34   0.00322459     0.303296    -0.905808
2.334   0.00326953     0.314016    -0.918271
2.328   0.00331506     0.325031    -0.930894
2.322    0.0033612     0.336346    -0.943679
2.316   0.00340795     0.347967    -0.956626
 2.31   0.00345533     0.359901    -0.969739
2.304   0.00350334     0.372154    -0.983018
2.298   0.00355199     0.384732    -0.996466
2.292   0.00360129     0.397642     -1.01009
2.286   0.00365124      0.41089     -1.02388
 2.28   0.00370186     0.424483     -1.03784
2.274   0.00375316     0.438427     -1.05198
2.268   0.00380513      0.45273     -1.06631
2.262    0.0038578     0.467399     -1.08081
2.256   0.00391117     0.482441     -1.09549
 2.25   0.00396525     0.497862     -1.11036
2.244   0.00402005      0.51367     -1.12541
2.238   0.00407558     0.529873     -1.14065
2.232   0.00413185     0.546478     -1.15608
2.226   0.00418887     0.563492     -1.17171
 2.22   0.00424665     0.580924     -1.18752
2.214   0.00430519     0.598781     -1.20354
2.208   0.00436452     0.617071     -1.21975
2.202   0.00442464     0.635802     -1.23616
2.196   0.00448555     0.654983     -1.25277
 2.19   0.00454728     0.674621     -1.26959
2.184   0.00460983     0.694726     -1.28662
2.178   0.00467321     0.715305     -1.30385
2.172   0.00473744     0.736368      -1.3213
2.166   0.00480252     0.757922     -1.33895
 2.16   0.00486847     0.779978     -1.35683
2.154    0.0049353     0.802544     -1.37491
2.148   0.00500303     0.825629     -1.39322
2.142   0.00507165     0.849243     -1.41175
2.136    0.0051412     0.873395      -1.4305
 2.13   0.00521167     0.898095     -1.44948
2.124   0.00528308     0.923353     -1.46868
2.118   0.00535545     0.949177     -1.48812
2.112   0.00542879     0.975579     -1.50778
2.106   0.00550311      1.00257     -1.52768
  2.1   0.00557842      1.03016     -1.54781
2.094   0.00565475      1.05835     -1.56819
2.088    0.0057321      1.08717      -1.5888
2.082   0.00581048      1.11661     -1.60965
2.076   0.00588993       1.1467     -1.63075
 2.07   0.00597044      1.17743     -1.65209
2.064   0.00605203      1.20883     -1.67369
2.058   0.00613473      1.24091     -1.69553
2.052   0.00621854      1.27367     -1.71762
2.046   0.00630348      1.30712     -1.73997
 2.04   0.00638957      1.34129     -1.76258
2.034   0.00647683      1.37618     -1.78544
2.028   0.00656527       1.4118     -1.80856
2.022   0.00665492      1.44817     -1.83195
2.016   0.00674578       1.4853      -1.8556
 2.01   0.00683789       1.5232     -1.87951
2.004   0.00693125      1.56188     -1.90369
1.998   0.00702588      1.60137     -1.92814
1.992   0.00712182      1.64166     -1.95287
1.986   0.00721907      1.68278     -1.97786
 1.98   0.00731766      1.72474     -2.00313
1.974   0.00741761      1.76755     -2.02867
1.968   0.00751894      1.81122      -2.0545
1.962   0.00762167      1.85578      -2.0806
1.956   0.00772583      1.90124     -2.10698
 1.95   0.00783144       1.9476     -2.13365
1.944   0.00793852      1.99489     -2.16059
1.938    0.0080471      2.04312     -2.18783
1.932   0.00815721      2.09231     -2.21535
1.926   0.00826887      2.14246     -2.24315
 1.92    0.0083821      2.19361     -2.27124
1.914   0.00849694      2.24576     -2.29962
1.908   0.00861341      2.29893      -2.3283
1.902   0.00873155      2.35314     -2.35726
1.896   0.00885137       2.4084     -2.38651
 1.89   0.00897292      2.46473     -2.41605
1.884   0.00909623      2.52215     -2.44589
1.878   0.00922132      2.58068     -2.47601
1.872   0.00934823      2.64033     -2.50643
1.866     0.009477      2.70112     -2.53714
 1.86   0.00960766      2.76307     -2.56814
1.854   0.00974024       2.8262     -2.59943
1.848    0.0098748      2.89053     -2.63101
1.842    0.0100114      2.95607     -2.66288
1.836      0.01015      3.02286     -2.69504
 1.83    0.0102907       3.0909     -2.72748
1.824    0.0104335      3.16021     -2.76021
1.818    0.0105785      3.23082     -2.79322
1.812    0.0107257      3.30276      -2.8265
1.806    0.0108752      3.37603     -2.86007
  1.8    0.0110271      3.45066     -2.89391
1.794    0.0111813      3.52667     -2.92801
1.788    0.0113379      3.60408     -2.96239
1.782     0.011497      3.68293     -2.99702
1.776    0.0116586      3.76322     -3.03191
 1.77    0.0118229      3.84498     -3.06705
1.764    0.0119898      3.92824     -3.10243
1.758    0.0121594      4.01302     -3.13805
1.752    0.0123318      4.09934      -3.1739
1.746    0.0125071      4.18723     -3.20996
 1.74    0.0126853      4.27671     -3.24624
1.734    0.0128665      4.36781     -3.28272
1.728    0.0130508      4.46055     -3.31938
1.722    0.0132382      4.55497     -3.35623
1.716    0.0134289      4.65108     -3.39323
 1.71     0.013623      4.74891     -3.43038
1.704    0.0138204      4.84849     -3.46766
1.698    0.0140214      4.94985     -3.50506
1.692     0.014226      5.05301     -3.54255
1.686    0.0144343      5.15801      -3.5801
 1.68    0.0146464      5.26487     -3.61771
1.674    0.0148624      5.37362     -3.65536
1.668    0.0150825       5.4843     -3.69304
1.662    0.0153068      5.59693     -3.73074
1.656    0.0155354      5.71154     -3.76847
 1.65    0.0157683      5.82817      -3.8062
1.644    0.0160059      5.94685     -3.84394
1.638    0.0162481       6.0676     -3.88167
1.632    0.0164952      6.19047     -3.91939
1.626    0.0167473      6.31548     -3.95709
 1.62    0.0170045      6.44267     -3.99476
1.614     0.017267      6.57208      -4.0324
1.608    0.0175351      6.70373     -4.06999
1.602    0.0178088      6.83767     -4.10754
1.596    0.0180884      6.97393     -4.14502
 1.59    0.0183741      7.11254     -4.18243
1.584     0.018666      7.25355     -4.21977
1.578    0.0189644      7.39699     -4.25703
1.572    0.0192695      7.54291     -4.29421
1.566    0.0195816      7.69133     -4.33128
 1.56    0.0199008      7.84231     -4.36826
1.554    0.0202275      7.99587     -4.40514
1.548     0.020562      8.15207     -4.44191
1.542    0.0209044      8.31094     -4.47857
1.536     0.021255      8.47253     -4.51513
 1.53    0.0216143      8.63687     -4.55158
1.524    0.0219824      8.80402     -4.58792
1.518    0.0223598      8.97402     -4.62418
1.512    0.0227468      9.14691     -4.66035
1.506    0.0231437      9.32275     -4.69646
  1.5    0.0235508      9.50156     -4.73252
1.494    0.0239687      9.68342     -4.76856
1.488    0.0243977      9.86835     -4.80461
1.482    0.0248383      10.0564     -4.84071
1.476    0.0252908      10.2477     -4.87691
 1.47    0.0257557      10.4422     -4.91326
1.464    0.0262336      10.6399     -4.94984
1.458    0.0267249      10.8411     -4.98673
1.452    0.0272303      11.0456     -5.02402
1.446    0.0277501      11.2535     -5.06184
 1.44     0.028285       11.465     -5.10032
1.434    0.0288356        11.68     -5.13961
1.428    0.0294026      11.8986     -5.17987
1.422    0.0299865      12.1209     -5.22104
1.416    0.0305882       12.347     -5.26295
 1.41    0.0312082      12.5769      -5.3054
1.404    0.0318473      12.8106     -5.34815
1.398    0.0325063      13.0482     -5.39091
1.392    0.0331861      13.2898     -5.43335
1.386    0.0338874      13.5355     -5.47506
 1.38    0.0346111      13.7853     -5.51557
1.374    0.0353583      14.0393     -5.55434
1.368    0.0361297      14.2975     -5.59072
1.362    0.0369265      14.5601     -5.62397
1.356    0.0377496       14.827     -5.65323
 1.35    0.0386002      15.0985     -5.67751
1.344    0.0394793      15.3744     -5.69565
1.338    0.0403883       15.655     -5.70635
1.332    0.0413282      15.9403     -5.70808
1.326    0.0423004      16.2304      -5.6991
 1.32    0.0433062      16.5254     -5.67743
1.314     0.044347      16.8252     -5.64078
1.308    0.0454242      17.1301     -5.58654
1.302    0.0465394      17.4401     -5.51175
1.296    0.0476941      17.7553       -5.413
 1.29      0.04889      18.0758     -5.28643
1.284    0.0501288      18.4016     -5.12763
1.278    0.0514122      18.7329      -4.9316
1.272    0.0527421      19.0697     -4.69263
1.266    0.0541203      19.4122     -4.40425
 1.26     0.055549      19.7605      -4.0591
1.254    0.0570302      20.1146     -3.64885
1.248     0.058566      20.4746     -3.16427
1.242    0.0601586      20.8407     -2.60213
1.236    0.0618105      21.2129     -1.96759
 1.23    0.0635241      21.5914     -1.26843
1.224    0.0653018      21.9763    -0.515207
1.218    0.0671464      22.3676       0.2784
1.212    0.0690604      22.7655      1.10283
1.206    0.0710468      23.1702      1.95842
  1.2    0.0731086      23.5816      2.84645
1.194    0.0752487           24      3.76824
1.188    0.0774703      24.4255      4.72515
1.182    0.0797768      24.8582       5.7186
1.176    0.0821716      25.2982      6.75007
 1.17    0.0846581      25.7456      7.82109
1.164    0.0872402      26.2007      8.93324
1.158    0.0899216      26.6634      10.0882
1.152    0.0927063      27.1341      11.2876
1.146    0.0955984      27.6127      12.5333
 1.14    0.0986023      28.0995      13.8271
1.134     0.101722      28.5945       15.171
1.128     0.104963      29.0981      16.5668
1.122     0.108329      29.6102      18.0166
1.116     0.111826      30.1311      19.5227
 1.11     0.115458      30.6609      21.0871
1.104      0.11923      31.1998      22.7121
1.098      0.12315       31.748      24.4002
1.092     0.127221      32.3056      26.1537
1.086      0.13145      32.8728      27.9752
 1.08     0.135843      33.4498      29.8674
1.074     0.140406      34.0368      31.8328
1.068     0.145146      34.6339      33.8744
1.062     0.150069      35.2414      35.9951
1.056     0.155183      35.8595      38.1978
 1.05     0.160495      36.4883      40.4857
1.044     0.166012      37.1281       42.862
1.038     0.171742       37.779        45.33
1.032     0.177693      38.4414      47.8932
1.026     0.183873      39.1153      50.5551
 1.02     0.190291      39.8011      53.3194
1.014     0.196955       40.499      56.1899
1.008     0.203876      41.2092      59.1706
1.002     0.211061       41.932      62.2655
0.996     0.218521      42.6675      65.4788
 0.99     0.226266      43.4162      68.8148
0.984     0.234307      44.1781       72.278
0.978     0.242653      44.9537       75.873
0.972     0.251317      45.7431      79.6047
0.966      0.26031      46.5467       83.478
 0.96     0.269643      47.3647      87.4978
0.954     0.279328      48.1975      91.6696
0.948     0.289379      49.0453      95.9988
0.942     0.299808      49.9085      100.491
0.936     0.310629      50.7873      105.152
 0.93     0.321856      51.6822      109.987
0.924     0.333503      52.5934      115.004
0.918     0.345584      53.5213      120.208
0.912     0.358116      54.4663      125.605
0.906     0.371113      55.4287      131.203
  0.9     0.384593      56.4089      137.009
0.894     0.398572      57.4072       143.03
0.888     0.413067      58.4241      149.274
0.882     0.428096        59.46      155.747
0.876     0.443678      60.5153      162.459
 0.87     0.459832      61.5904      169.416
0.864     0.476578      62.6858      176.629
0.858     0.493936      63.8019      184.106
0.852     0.511928      64.9392      191.855
0.846     0.530575      66.0982      199.887
 0.84       0.5499      67.2793      208.211
0.834     0.569926      68.4831      216.836
0.828     0.590678      69.7101      225.775
0.822     0.612181      70.9608      235.036
0.816      0.63446      72.2358      244.633
 0.81     0.657543      73.5357      254.575
0.804     0.681457       74.861      264.875
0.798     0.706232      76.2124      275.546
0.792     0.731897      77.5904        286.6
0.786     0.758483      78.9958      298.052
 0.78     0.786023      80.4291      309.914
0.774      0.81455      81.8911      322.201
0.768     0.844099      83.3825      334.928
0.762     0.874706      84.9039      348.112
0.756      0.90641      86.4562      361.767
 0.75     0.939248      88.0402      375.911
0.744     0.973263      89.6565      390.562
0.738       1.0085      91.3061      405.738
0.732      1.04499      92.9898      421.457
0.726       1.0828      94.7085       437.74
 0.72      1.12196      96.4631      454.608
0.714      1.16253      98.2545      472.083
0.708      1.20456      100.084      490.186
0.702       1.2481      101.952      508.941
0.696      1.29322       103.86      528.375
 0.69      1.33997      105.808      548.511
0.684      1.38842      107.799      569.378
0.678      1.43863      109.833      591.004
0.672      1.49067      111.912      613.418
0.666      1.54461      114.036      636.653
 0.66      1.60053      116.207      660.739
0.654      1.65851      118.426      685.713
0.648      1.71864      120.695       711.61
0.642      1.78099      123.015      738.467
0.636      1.84567      125.388      766.326
 0.63      1.91277      127.815      795.226
0.624      1.98239      130.297      825.213
0.618      2.05464      132.837      856.332
0.612      2.12963      135.436      888.632
0.606      2.20748      138.096      922.164
  0.6      2.28831      140.818      956.982
0.594      2.37226      143.606      993.141
0.588      2.45947       146.46       1030.7
0.582      2.55007      149.383      1069.73
0.576      2.64422      152.377      1110.28
 0.57      2.74208      155.445      1152.43
0.564      2.84383      158.588      1196.25
0.558      2.94962      161.809      1241.82
0.552      3.05966      165.112      1289.22
0.546      3.17413      168.498      1338.52
 0.54      3.29323       171.97      1389.82
0.534       3.4172      175.532      1443.22
0.528      3.54623      179.186       1498.8
0.522      3.68058      182.936      1556.66
0.516      3.82049      186.785      1616.92
 0.51      3.96621      190.737      1679.69
0.504        4.118      194.795      1745.07
0.498      4.27616      198.963      1813.19
0.492      4.44096      203.246      1884.17
0.486      4.61272      207.647      1958.15
 0.48      4.79173      212.172      2035.26
0.474      4.97833      216.825      2115.63
0.468      5.17284       221.61      2199.41
0.462      5.37561      226.534      2286.75
0.456        5.587      231.601       2377.8
 0.45      5.80736      236.818      2472.71
0.444      6.03706      242.191      2571.65
0.438      6.27648      247.725      2674.77
0.432      6.52599      253.429      2782.24
0.426      6.78597      259.309      2894.22
 0.42       7.0568      265.372      3010.87
0.414      7.33885      271.627      3132.36
0.408       7.6325      278.082      3258.84
0.402      7.93811      284.747      3390.47
0.396      8.25601      291.631       3527.4
 0.39      8.58654      298.744      3669.76
0.384      8.92998      306.097      3817.69
0.378      9.28661      313.701       3971.3
0.372      9.65665      321.569      4130.68
0.366      10.0403      329.714      4295.91
 0.36      10.4376      338.149      4467.06
0.354      10.8487       346.89      4644.13
0.348      11.2735      355.952      4827.11
0.342       11.712      365.353      5015.97
0.336      12.1639      375.111       5210.6
 0.33      12.6288      385.244      5410.86
0.324      13.1064      395.775      5616.55
0.318      13.5959      406.726       5827.4
0.312      14.0966       418.12      6043.06
0.306      14.6075      429.985      6263.12
  0.3      15.1274      442.349      6487.06
0.294      15.6549      455.242      6714.27
0.288      16.1884      468.698      6944.04
0.282      16.7258      482.751      7175.53
0.276       17.265      497.443      7407.77
 0.27      17.8034      512.815      7639.67
0.264      18.3382      528.913         7870
0.258       18.866      545.789      8097.36
0.252      19.3834      563.498       8320.2
0.246      19.8863      582.102      8536.81
 0.24      20.3704      601.667      8745.32
0.234      20.8309      622.267      8943.69
0.228      21.2628      643.986      9129.71
0.222      21.6605      666.912      9301.01
0.216      22.0183      691.148       9455.1
 0.21      22.3299      716.804      9589.34
0.204      22.5891      744.008      9700.97
0.198      22.7893        772.9      9787.18
0.192      22.9237      803.638      9845.09
0.186      22.9858      836.401      9871.83
 0.18       22.969      871.392      9864.59
0.174       22.867      908.842      9820.66
0.168       22.674      949.013      9737.52
0.162      22.3847      992.209      9612.92
0.156      21.9947      1038.78      9444.95
 0.15      21.5007      1089.13      9232.16
0.144      20.9005      1143.73      8973.66
0.138      20.1936      1203.13      8669.17
0.132       19.381         1268      8319.19
0.126       18.466      1339.11      7925.05
 0.12      17.4536       1417.4         7489
0.114      16.3515      1504.01      7014.28
0.108      15.1694      1600.31      6505.12
0.102      13.9194      1708.02      5966.76
0.096      12.6161      1829.28      5405.37
 0.09      11.2756       1966.8         4828
0.084      9.91596      2124.07      4242.37
0.078      8.55635      2305.65      3656.76
0.072       7.2169       2517.6      3079.83
0.066      5.91846      2768.21      2520.56
 0.06      4.68309      3069.09      1988.46
0.054      3.53557      3436.99       1494.2
0.048      2.50707      3897.05       1051.2
0.042       1.6424      4488.75      678.775
0.036      1.01357      5277.92      407.923
 0.03     0.743512      6383.06      291.603
0.024       1.0469      8041.12      422.279
0.018       2.2985        10805      961.368
0.012      5.14647      16333.6      2188.05
0.006      10.6987      32920.8       4579.5
