    r     rho_a(r)         V(r)  F(rho_a(r))
    6            0            0            0
5.994            0            0            0
5.988            0            0            0
5.982            0            0            0
5.976            0            0            0
 5.97            0            0            0
5.964            0            0            0
5.958            0            0            0
5.952            0            0            0
5.946            0            0            0
 5.94            0            0            0
5.934            0            0            0
5.928            0            0            0
5.922            0            0            0
5.916            0            0            0
 5.91            0            0            0
5.904            0            0            0
5.898            0            0            0
5.892            0            0            0
5.886            0            0            0
 5.88            0            0            0
5.874            0            0            0
5.868            0            0            0
5.862            0            0            0
5.856            0            0            0
 5.85            0            0            0
5.844            0            0            0
5.838            0            0            0
5.832            0            0            0
5.826            0            0            0
 5.82            0            0            0
5.814            0            0            0
5.808            0            0            0
5.802            0  1.34084e-07            0
5.796            0  6.49668e-07            0
 5.79            0  1.32744e-06            0
5.784            0  2.29377e-06            0
5.778            0  3.67503e-06            0
5.772            0  5.59762e-06            0
5.766            0  8.18789e-06            0
 5.76            0  1.15722e-05            0
5.754            0   1.5877e-05            0
5.748            0  2.12286e-05            0
5.742            0  2.77535e-05            0
5.736            0  3.55779e-05            0
 5.73            0  4.48282e-05            0
5.724            0  5.56309e-05            0
5.718            0  6.81123e-05            0
5.712            0  8.23988e-05            0
5.706            0  9.86167e-05            0
  5.7            0  0.000116893            0
5.694            0  0.000137353            0
5.688            0  0.000160123            0
5.682            0  0.000185331            0
5.676            0  0.000213102            0
 5.67            0  0.000243562            0
5.664            0  0.000276839            0
5.658            0  0.000313058            0
5.652            0  0.000352346            0
5.646            0   0.00039483            0
 5.64            0  0.000440592            0
5.634            0  0.000489479            0
5.628            0  0.000541248            0
5.622            0  0.000595659            0
5.616            0  0.000652471            0
 5.61            0  0.000711443            0
5.604            0  0.000772335            0
5.598            0  0.000834905            0
5.592            0  0.000898913            0
5.586            0  0.000964118            0
 5.58            0   0.00103028            0
5.574            0   0.00109716            0
5.568            0   0.00116451            0
5.562            0   0.00123209            0
5.556            0   0.00129967            0
 5.55            0     0.001367            0
5.544            0   0.00143384            0
5.538            0   0.00149995            0
5.532            0   0.00156508            0
5.526            0   0.00162901            0
 5.52            0   0.00169149            0
5.514            0   0.00175227            0
5.508            0   0.00181112            0
5.502            0   0.00186779            0
5.496            0   0.00192205            0
 5.49            0   0.00197365            0
5.484            0   0.00202236            0
5.478            0   0.00206807            0
5.472            0   0.00211085            0
5.466            0   0.00215073            0
 5.46            0   0.00218778            0
5.454            0   0.00222206            0
5.448            0   0.00225361            0
5.442            0    0.0022825            0
5.436            0   0.00230879            0
 5.43            0   0.00233251            0
5.424            0   0.00235375            0
5.418            0   0.00237254            0
5.412            0   0.00238894            0
5.406            0   0.00240301            0
  5.4            0   0.00241482            0
5.394            0    0.0024244            0
5.388            0   0.00243182            0
5.382            0   0.00243714            0
5.376            0    0.0024404            0
 5.37            0   0.00244167            0
5.364            0     0.002441            0
5.358            0   0.00243845            0
5.352            0   0.00243407            0
5.346            0   0.00242792            0
 5.34            0   0.00242006            0
5.334            0   0.00241053            0
5.328            0   0.00239941            0
5.322            0   0.00238676            0
5.316            0   0.00237279            0
 5.31            0    0.0023577            0
5.304            0   0.00234171            0
5.298            0   0.00232504            0
5.292            0   0.00230788            0
5.286            0   0.00229046            0
 5.28            0     0.002273            0
5.274            0   0.00225569            0
5.268            0   0.00223876            0
5.262            0   0.00222242            0
5.256            0   0.00220687            0
 5.25            0   0.00219234            0
5.244            0   0.00217904            0
5.238            0   0.00216717            0
5.232            0   0.00215695            0
5.226            0    0.0021486            0
 5.22            0   0.00214233            0
5.214            0   0.00213834            0
5.208            0   0.00213686            0
5.202            0   0.00213809            0
5.196            0   0.00214225            0
 5.19            0   0.00214955            0
5.184            0    0.0021602            0
5.178            0   0.00217442            0
5.172            0   0.00219241            0
5.166  2.50089e-06   0.00221438 -9.94686e-06
 5.16   6.4488e-06   0.00224032  -2.5649e-05
5.154  1.03944e-05   0.00227007  -4.1342e-05
5.148  1.43363e-05   0.00230347 -5.70203e-05
5.142  1.82731e-05   0.00234037 -7.26783e-05
5.136  2.22034e-05    0.0023806 -8.83104e-05
 5.13  2.61258e-05   0.00242401 -0.000103911
5.124  3.00389e-05   0.00247044 -0.000119475
5.118  3.39412e-05   0.00251973 -0.000134995
5.112  3.78315e-05   0.00257173 -0.000150468
5.106  4.17082e-05   0.00262627 -0.000165887
  5.1  4.55699e-05   0.00268319 -0.000181246
5.094  4.94153e-05   0.00274235 -0.000196541
5.088   5.3243e-05   0.00280358 -0.000211765
5.082  5.70515e-05   0.00286671 -0.000226913
5.076  6.08394e-05   0.00293161 -0.000241978
 5.07  6.46054e-05    0.0029981 -0.000256957
5.064  6.83481e-05   0.00306602 -0.000271843
5.058  7.20659e-05   0.00313523  -0.00028663
5.052  7.57576e-05   0.00320556 -0.000301313
5.046  7.94217e-05   0.00327685 -0.000315886
 5.04  8.30568e-05   0.00334895 -0.000330344
5.034  8.66616e-05   0.00342169 -0.000344682
5.028  9.02345e-05   0.00349492 -0.000358892
5.022  9.37743e-05   0.00356849 -0.000372971
5.016  9.72794e-05   0.00364222 -0.000386912
 5.01  0.000100749   0.00371597  -0.00040071
5.004  0.000104183   0.00378958 -0.000414369
4.998  0.000107588   0.00386293 -0.000427915
4.992  0.000110973   0.00393586 -0.000441374
4.986  0.000114342   0.00400826 -0.000454777
 4.98  0.000117704   0.00407998 -0.000468149
4.974  0.000121066    0.0041509 -0.000481519
4.968  0.000124434   0.00422089 -0.000494916
4.962  0.000127816    0.0042898 -0.000508366
4.956  0.000131218    0.0043575 -0.000521899
 4.95  0.000134648   0.00442387 -0.000535541
4.944  0.000138113   0.00448877 -0.000549321
4.938  0.000141619   0.00455206 -0.000563267
4.932  0.000145174   0.00461361 -0.000577407
4.926  0.000148785    0.0046733 -0.000591768
 4.92  0.000152459   0.00473098 -0.000606379
4.914  0.000156202   0.00478652 -0.000621267
4.908  0.000160022   0.00483979 -0.000636461
4.902  0.000163926   0.00489066 -0.000651988
4.896  0.000167921   0.00493899 -0.000667876
 4.89  0.000172013   0.00498465 -0.000684154
4.884  0.000176211    0.0050275 -0.000700848
4.878   0.00018052   0.00506742 -0.000717988
4.872  0.000184948   0.00510427 -0.000735601
4.866  0.000189503   0.00513791 -0.000753715
 4.86   0.00019419   0.00516822 -0.000772358
4.854  0.000199017   0.00519506 -0.000791558
4.848  0.000203991    0.0052183 -0.000811342
4.842  0.000209119   0.00523787 -0.000831735
4.836  0.000214405    0.0052537  -0.00085276
 4.83  0.000219856   0.00526574 -0.000874441
4.824  0.000225478   0.00527394 -0.000896801
4.818  0.000231276   0.00527823 -0.000919863
4.812  0.000237257   0.00527855 -0.000943651
4.806  0.000243426   0.00527486 -0.000968187
  4.8  0.000249789   0.00526709 -0.000993495
4.794  0.000256352   0.00525518   -0.0010196
4.788  0.000263121   0.00523908  -0.00104652
4.782  0.000270102   0.00521873  -0.00107429
4.776    0.0002773   0.00519408  -0.00110292
 4.77  0.000284722   0.00516506  -0.00113243
4.764  0.000292373   0.00513161  -0.00116287
4.758  0.000300259   0.00509369  -0.00119423
4.752  0.000308386   0.00505124  -0.00122655
4.746  0.000316759   0.00500418  -0.00125986
 4.74  0.000325386   0.00495248  -0.00129417
4.734  0.000334271   0.00489607  -0.00132951
4.728  0.000343421   0.00483489   -0.0013659
4.722   0.00035284   0.00476889  -0.00140337
4.716  0.000362536   0.00469801  -0.00144193
 4.71  0.000372514   0.00462218  -0.00148162
4.704   0.00038278   0.00454137  -0.00152245
4.698  0.000393339    0.0044555  -0.00156445
4.692  0.000404198   0.00436452  -0.00160764
4.686  0.000415361   0.00426845  -0.00165204
 4.68   0.00042683   0.00416743  -0.00169765
4.674  0.000438607   0.00406158   -0.0017445
4.668  0.000450694   0.00395104  -0.00179257
4.662  0.000463094   0.00383595  -0.00184189
4.656  0.000475808   0.00371644  -0.00189246
 4.65  0.000488839   0.00359264  -0.00194429
4.644  0.000502188   0.00346469  -0.00199738
4.638  0.000515858   0.00333273  -0.00205176
4.632  0.000529851   0.00319689  -0.00210741
4.626  0.000544168   0.00305731  -0.00216436
 4.62  0.000558813   0.00291412  -0.00222261
4.614  0.000573787   0.00276745  -0.00228216
4.608  0.000589092   0.00261744  -0.00234304
4.602   0.00060473   0.00246423  -0.00240524
4.596  0.000620704   0.00230795  -0.00246878
 4.59  0.000637015   0.00214874  -0.00253365
4.584  0.000653665   0.00198672  -0.00259988
4.578  0.000670658   0.00182204  -0.00266747
4.572  0.000687994   0.00165483  -0.00273642
4.566  0.000705675   0.00148523  -0.00280675
 4.56  0.000723705   0.00131336  -0.00287847
4.554  0.000742085   0.00113938  -0.00295157
4.548  0.000760817  0.000963398  -0.00302608
4.542  0.000779903  0.000785565    -0.003102
4.536  0.000799346  0.000606013  -0.00317933
 4.53  0.000819144  0.000424876  -0.00325808
4.524  0.000839287  0.000242291   -0.0033382
4.518  0.000859761   5.8392e-05  -0.00341964
4.512  0.000880551 -0.000126684  -0.00350234
4.506  0.000901643 -0.000312801  -0.00358623
  4.5  0.000923022 -0.000499823  -0.00367127
4.494  0.000944676 -0.000687615   -0.0037574
4.488  0.000966588 -0.000876041  -0.00384457
4.482  0.000988746  -0.00106496   -0.0039327
4.476   0.00101113  -0.00125425  -0.00402176
 4.47   0.00103374  -0.00144376  -0.00411168
4.464   0.00105655  -0.00163336   -0.0042024
4.458   0.00107954  -0.00182292  -0.00429387
4.452   0.00110271  -0.00201229  -0.00438604
4.446   0.00112604  -0.00220135  -0.00447884
 4.44   0.00114952  -0.00238995  -0.00457222
4.434   0.00117312  -0.00257797  -0.00466612
4.428   0.00119685  -0.00276526  -0.00476049
4.422   0.00122067  -0.00295168  -0.00485527
4.416   0.00124459  -0.00313711   -0.0049504
 4.41   0.00126858  -0.00332141  -0.00504583
4.404   0.00129262  -0.00350444   -0.0051415
4.398   0.00131672  -0.00368607  -0.00523735
4.392   0.00134085  -0.00386615  -0.00533332
4.386   0.00136499  -0.00404456  -0.00542937
 4.38   0.00138914  -0.00422116  -0.00552543
4.374   0.00141327  -0.00439581  -0.00562145
4.368   0.00143741  -0.00456837  -0.00571745
4.362   0.00146156  -0.00473872  -0.00581352
4.356   0.00148575  -0.00490672  -0.00590976
 4.35      0.00151  -0.00507222  -0.00600624
4.344   0.00153433  -0.00523511  -0.00610305
4.338   0.00155878  -0.00539523   -0.0062003
4.332   0.00158335  -0.00555247  -0.00629806
4.326   0.00160808  -0.00570668  -0.00639643
 4.32   0.00163298  -0.00585772  -0.00649549
4.314   0.00165807  -0.00600547  -0.00659534
4.308   0.00168339  -0.00614979  -0.00669606
4.302   0.00170895  -0.00629055  -0.00679774
4.296   0.00173477   -0.0064276  -0.00690048
 4.29   0.00176088  -0.00656081  -0.00700436
4.284    0.0017873  -0.00669006  -0.00710947
4.278   0.00181405   -0.0068152   -0.0072159
4.272   0.00184115   -0.0069361  -0.00732374
4.266   0.00186863  -0.00705262  -0.00743308
 4.26   0.00189651  -0.00716464  -0.00754401
4.254   0.00192481  -0.00727201  -0.00765662
4.248   0.00195356   -0.0073746  -0.00777099
4.242   0.00198277  -0.00747228  -0.00788722
4.236   0.00201247  -0.00756491   -0.0080054
 4.23   0.00204268  -0.00765235  -0.00812562
4.224   0.00207343  -0.00773448  -0.00824796
4.218   0.00210473  -0.00781115  -0.00837252
4.212    0.0021366  -0.00788231  -0.00849934
4.206   0.00216904  -0.00794812  -0.00862841
  4.2   0.00220203  -0.00800876  -0.00875968
4.194   0.00223556  -0.00806442  -0.00889311
4.188   0.00226962  -0.00811527  -0.00902865
4.182    0.0023042  -0.00816151  -0.00916626
4.176   0.00233929  -0.00820332  -0.00930591
 4.17   0.00237488  -0.00824088  -0.00944754
4.164   0.00241095  -0.00827438  -0.00959111
4.158   0.00244751  -0.00830401  -0.00973659
4.152   0.00248453  -0.00832995  -0.00988393
4.146     0.002522  -0.00835239   -0.0100331
 4.14   0.00255993   -0.0083715    -0.010184
4.134   0.00259828  -0.00838748   -0.0103367
4.128   0.00263706  -0.00840051    -0.010491
4.122   0.00267626  -0.00841077    -0.010647
4.116   0.00271585  -0.00841846   -0.0108046
 4.11   0.00275584  -0.00842374   -0.0109638
4.104   0.00279621  -0.00842682   -0.0111245
4.098   0.00283695  -0.00842788   -0.0112867
4.092   0.00287804   -0.0084271   -0.0114503
4.086   0.00291949  -0.00842466   -0.0116153
 4.08   0.00296128  -0.00842075   -0.0117816
4.074   0.00300339  -0.00841555   -0.0119493
4.068   0.00304582  -0.00840926   -0.0121182
4.062   0.00308855  -0.00840205   -0.0122883
4.056   0.00313158  -0.00839412   -0.0124596
 4.05    0.0031749  -0.00838574   -0.0126321
4.044   0.00321848  -0.00837721   -0.0128056
4.038   0.00326233  -0.00836884   -0.0129802
4.032   0.00330642  -0.00836093   -0.0131558
4.026   0.00335075  -0.00835379   -0.0133323
 4.02    0.0033953  -0.00834774   -0.0135097
4.014   0.00344007  -0.00834307    -0.013688
4.008   0.00348503   -0.0083401    -0.013867
4.002   0.00353018  -0.00833912   -0.0140469
3.996    0.0035755  -0.00834046   -0.0142274
 3.99   0.00362099  -0.00834441   -0.0144085
3.984   0.00366663  -0.00835128   -0.0145903
3.978   0.00371241  -0.00836138   -0.0147727
3.972   0.00375832  -0.00837501   -0.0149555
3.966   0.00380434  -0.00839249   -0.0151388
 3.96   0.00385046  -0.00841411   -0.0153226
3.954   0.00389668   -0.0084402   -0.0155067
3.948   0.00394297  -0.00847104   -0.0156911
3.942   0.00398933  -0.00850696   -0.0158758
3.936   0.00403575  -0.00854825   -0.0160607
 3.93   0.00408221  -0.00859523   -0.0162458
3.924    0.0041287   -0.0086482    -0.016431
3.918    0.0041752  -0.00870747   -0.0166164
3.912   0.00422172  -0.00877334   -0.0168017
3.906   0.00426823  -0.00884613    -0.016987
  3.9   0.00431472  -0.00892613   -0.0171723
3.894   0.00436121  -0.00901358   -0.0173576
3.888   0.00440775  -0.00910857   -0.0175431
3.882    0.0044544  -0.00921118    -0.017729
3.876   0.00450122   -0.0093215   -0.0179156
 3.87   0.00454827  -0.00943961   -0.0181032
3.864   0.00459561   -0.0095656   -0.0182919
3.858    0.0046433  -0.00969955    -0.018482
3.852   0.00469138  -0.00984155   -0.0186737
3.846   0.00473994  -0.00999167   -0.0188672
 3.84   0.00478901     -0.01015   -0.0190629
3.834   0.00483867   -0.0103167   -0.0192609
3.828   0.00488897   -0.0104917   -0.0194614
3.822   0.00493997   -0.0106752   -0.0196648
3.816   0.00499172   -0.0108672   -0.0198712
 3.81   0.00504429   -0.0110679   -0.0200808
3.804   0.00509774   -0.0112773    -0.020294
3.798   0.00515213   -0.0114955   -0.0205109
3.792   0.00520751   -0.0117226   -0.0207318
3.786   0.00526394   -0.0119586   -0.0209569
 3.78   0.00532148   -0.0122037   -0.0211864
3.774   0.00538019    -0.012458   -0.0214206
3.768   0.00544013   -0.0127215   -0.0216598
3.762   0.00550136   -0.0129943   -0.0219041
3.756   0.00556394   -0.0132765   -0.0221538
 3.75   0.00562792   -0.0135681   -0.0224091
3.744   0.00569337   -0.0138693   -0.0226703
3.738   0.00576034   -0.0141802   -0.0229376
3.732   0.00582887   -0.0145007   -0.0232111
3.726     0.005899   -0.0148307   -0.0234911
 3.72   0.00597077   -0.0151702   -0.0237776
3.714   0.00604422   -0.0155191   -0.0240708
3.708   0.00611937   -0.0158774   -0.0243709
3.702   0.00619627    -0.016245    -0.024678
3.696   0.00627495   -0.0166218   -0.0249922
 3.69   0.00635546   -0.0170079   -0.0253137
3.684   0.00643782   -0.0174031   -0.0256428
3.678   0.00652208   -0.0178073   -0.0259794
3.672   0.00660827   -0.0182206   -0.0263237
3.666   0.00669643   -0.0186429    -0.026676
 3.66    0.0067866    -0.019074   -0.0270364
3.654   0.00687881    -0.019514   -0.0274049
3.648    0.0069731   -0.0199628   -0.0277819
3.642   0.00706951   -0.0204203   -0.0281673
3.636   0.00716807   -0.0208865   -0.0285614
 3.63   0.00726882   -0.0213613   -0.0289643
3.624    0.0073718   -0.0218447   -0.0293762
3.618   0.00747704   -0.0223365   -0.0297973
3.612   0.00758458   -0.0228368   -0.0302276
3.606   0.00769447   -0.0233455   -0.0306673
  3.6   0.00780672   -0.0238625   -0.0311166
3.594    0.0079214   -0.0243877   -0.0315757
3.588   0.00803852   -0.0249212   -0.0320447
3.582   0.00815812   -0.0254628   -0.0325237
3.576   0.00828026   -0.0260125   -0.0330129
 3.57   0.00840498   -0.0265703   -0.0335127
3.564   0.00853235   -0.0271362   -0.0340231
3.558    0.0086624   -0.0277102   -0.0345444
3.552    0.0087952   -0.0282922   -0.0350768
3.546    0.0089308   -0.0288823   -0.0356207
 3.54   0.00906926   -0.0294804   -0.0361761
3.534   0.00921062   -0.0300865   -0.0367433
3.528   0.00935495   -0.0307006   -0.0373225
3.522   0.00950229   -0.0313226   -0.0379141
3.516   0.00965269   -0.0319527   -0.0385181
 3.51   0.00980623   -0.0325907   -0.0391348
3.504   0.00996293   -0.0332366   -0.0397646
3.498    0.0101229   -0.0338905   -0.0404075
3.492    0.0102861   -0.0345523   -0.0410638
3.486    0.0104527    -0.035222   -0.0417338
 3.48    0.0106226   -0.0358995   -0.0424177
3.474     0.010796    -0.036585   -0.0431157
3.468    0.0109729   -0.0372783   -0.0438281
3.462    0.0111533   -0.0379794   -0.0445551
3.456    0.0113374   -0.0386884    -0.045297
 3.45    0.0115251   -0.0394051   -0.0460539
3.444    0.0117165   -0.0401297   -0.0468261
3.438    0.0119117   -0.0408621    -0.047614
3.432    0.0121108   -0.0416022   -0.0484176
3.426    0.0123136   -0.0423501   -0.0492373
 3.42    0.0125205   -0.0431057   -0.0500733
3.414    0.0127313   -0.0438689    -0.050926
3.408    0.0129462   -0.0446394   -0.0517957
3.402    0.0131653   -0.0454171   -0.0526827
3.396    0.0133886   -0.0462019   -0.0535873
 3.39    0.0136161   -0.0469935   -0.0545099
3.384    0.0138481   -0.0477917   -0.0554509
3.378    0.0140845   -0.0485964   -0.0564105
3.372    0.0143254   -0.0494075   -0.0573892
3.366    0.0145709   -0.0502247   -0.0583872
 3.36    0.0148211   -0.0510478    -0.059405
3.354     0.015076   -0.0518767   -0.0604428
3.348    0.0153357   -0.0527112   -0.0615011
3.342    0.0156003   -0.0535511   -0.0625802
3.336    0.0158699   -0.0543962   -0.0636804
 3.33    0.0161445   -0.0552464   -0.0648022
3.324    0.0164242   -0.0561015   -0.0659459
3.318    0.0167091   -0.0569613   -0.0671119
3.312    0.0169992   -0.0578256   -0.0683006
3.306    0.0172947   -0.0586942   -0.0695123
  3.3    0.0175956    -0.059567   -0.0707475
3.294    0.0179019   -0.0604439   -0.0720065
3.288    0.0182138   -0.0613245   -0.0732898
3.282    0.0185313   -0.0622087   -0.0745977
3.276    0.0188545   -0.0630964   -0.0759308
 3.27    0.0191835   -0.0639874   -0.0772893
3.264    0.0195183   -0.0648815   -0.0786737
3.258     0.019859   -0.0657791   -0.0800841
3.252    0.0202054   -0.0666807   -0.0815208
3.246    0.0205577   -0.0675871   -0.0829835
 3.24    0.0209158   -0.0684988   -0.0844726
3.234    0.0212797   -0.0694164   -0.0859878
3.228    0.0216493   -0.0703406   -0.0875295
3.222    0.0220246   -0.0712721   -0.0890975
3.216    0.0224056   -0.0722114    -0.090692
 3.21    0.0227922   -0.0731592    -0.092313
3.204    0.0231846   -0.0741161   -0.0939607
3.198    0.0235825   -0.0750827   -0.0956351
3.192    0.0239861   -0.0760597   -0.0973363
3.186    0.0243953   -0.0770477   -0.0990644
 3.18      0.02481   -0.0780474    -0.100819
3.174    0.0252302   -0.0790593    -0.102602
3.168     0.025656    -0.080084    -0.104411
3.162    0.0260873   -0.0811223    -0.106248
3.156     0.026524   -0.0821748    -0.108112
 3.15    0.0269662    -0.083242    -0.110004
3.144    0.0274139   -0.0843246    -0.111924
3.138    0.0278669   -0.0854232    -0.113871
3.132    0.0283253   -0.0865385    -0.115847
3.126    0.0287891   -0.0876711    -0.117851
 3.12    0.0292582   -0.0888217    -0.119883
3.114    0.0297327   -0.0899908    -0.121943
3.108    0.0302124    -0.091179    -0.124033
3.102    0.0306974   -0.0923869    -0.126151
3.096    0.0311873   -0.0936143    -0.128297
 3.09    0.0316821   -0.0948613    -0.130471
3.084    0.0321815   -0.0961277    -0.132671
3.078    0.0326852   -0.0974135    -0.134898
3.072    0.0331932   -0.0987187     -0.13715
3.066     0.033705    -0.100043    -0.139427
 3.06    0.0342207    -0.101387    -0.141728
3.054    0.0347398     -0.10275    -0.144053
3.048    0.0352623    -0.104132      -0.1464
3.042    0.0357879    -0.105533    -0.148769
3.036    0.0363163    -0.106953     -0.15116
 3.03    0.0368475    -0.108391    -0.153572
3.024    0.0373811    -0.109849    -0.156004
3.018     0.037917    -0.111326    -0.158455
3.012    0.0384549    -0.112821    -0.160924
3.006    0.0389946    -0.114335    -0.163412
    3     0.039536    -0.115867    -0.165916
2.994    0.0400788    -0.117418    -0.168437
2.988    0.0406228    -0.118988    -0.170973
2.982    0.0411677    -0.120576    -0.173524
2.976    0.0417134    -0.122182    -0.176089
 2.97    0.0422597    -0.123807    -0.178667
2.964    0.0428064     -0.12545    -0.181257
2.958    0.0433531    -0.127111    -0.183859
2.952    0.0438998     -0.12879    -0.186471
2.946    0.0444462    -0.130487    -0.189093
 2.94    0.0449922    -0.132202    -0.191724
2.934    0.0455375    -0.133932    -0.194363
2.928    0.0460822    -0.135677     -0.19701
2.922     0.046626    -0.137436    -0.199665
2.916    0.0471688    -0.139207    -0.202326
 2.91    0.0477105     -0.14099    -0.204994
2.904    0.0482509    -0.142783    -0.207667
2.898    0.0487899    -0.144586    -0.210345
2.892    0.0493274    -0.146396    -0.213027
2.886    0.0498632    -0.148214    -0.215712
 2.88    0.0503972    -0.150037    -0.218401
2.874    0.0509292    -0.151865    -0.221091
2.868    0.0514591    -0.153696    -0.223783
2.862    0.0519868     -0.15553    -0.226475
2.856    0.0525122    -0.157365    -0.229166
 2.85     0.053035      -0.1592    -0.231855
2.844    0.0535552    -0.161034    -0.234542
2.838    0.0540726    -0.162866    -0.237226
2.832    0.0545871    -0.164694    -0.239905
2.826    0.0550986    -0.166519    -0.242578
 2.82    0.0556069    -0.168337    -0.245245
2.814    0.0561118    -0.170149    -0.247904
2.808    0.0566133    -0.171954    -0.250555
2.802    0.0571112    -0.173749    -0.253197
2.796    0.0576054    -0.175534    -0.255828
 2.79    0.0580956    -0.177308    -0.258448
2.784    0.0585819     -0.17907    -0.261055
2.778    0.0590641    -0.180818    -0.263649
2.772     0.059542    -0.182551    -0.266229
2.766    0.0600156    -0.184267    -0.268793
 2.76    0.0604847    -0.185966    -0.271342
2.754    0.0609492    -0.187646    -0.273873
2.748     0.061409    -0.189306    -0.276387
2.742     0.061864    -0.190945    -0.278882
2.736    0.0623141    -0.192561    -0.281357
 2.73    0.0627592    -0.194153    -0.283812
2.724    0.0631991    -0.195719    -0.286245
2.718    0.0636337    -0.197259    -0.288655
2.712    0.0640629    -0.198771    -0.291042
2.706    0.0644867    -0.200254    -0.293405
  2.7    0.0649048    -0.201706    -0.295742
2.694    0.0653171    -0.203127    -0.298053
2.688    0.0657237    -0.204514    -0.300337
2.682    0.0661242    -0.205867    -0.302593
2.676    0.0665187    -0.207185     -0.30482
 2.67     0.066907    -0.208465    -0.307017
2.664    0.0672889    -0.209707    -0.309183
2.658    0.0676645     -0.21091    -0.311318
2.652    0.0680334    -0.212072     -0.31342
2.646    0.0683958    -0.213192    -0.315488
 2.64    0.0687513    -0.214268    -0.317521
2.634       0.0691      -0.2153    -0.319519
2.628    0.0694417    -0.216286    -0.321481
2.622    0.0697762    -0.217224    -0.323405
2.616    0.0701036    -0.218113    -0.325292
 2.61    0.0704237    -0.218952     -0.32714
2.604    0.0707365    -0.219739    -0.328949
2.598    0.0710418    -0.220473    -0.330717
2.592    0.0713395    -0.221152    -0.332445
2.586    0.0716297    -0.221775    -0.334131
 2.58    0.0719121     -0.22234    -0.335774
2.574    0.0721867    -0.222846    -0.337374
2.568    0.0724534    -0.223291    -0.338931
2.562    0.0727121    -0.223674    -0.340443
2.556    0.0729627    -0.223993    -0.341909
 2.55    0.0732052    -0.224248     -0.34333
2.544    0.0734394    -0.224436    -0.344704
2.538    0.0736653    -0.224556    -0.346031
2.532    0.0738827    -0.224606    -0.347309
2.526    0.0740916    -0.224585    -0.348539
 2.52    0.0742919    -0.224493    -0.349719
2.514    0.0744835    -0.224326    -0.350849
2.508    0.0746663    -0.224084    -0.351928
2.502    0.0748403    -0.223765    -0.352956
2.496    0.0750052    -0.223368    -0.353931
 2.49    0.0751612    -0.222891    -0.354854
2.484    0.0753079    -0.222333    -0.355723
2.478    0.0754454    -0.221692    -0.356538
2.472    0.0755737    -0.220967    -0.357298
2.466    0.0756926     -0.22015    -0.358004
 2.46    0.0758024    -0.219231    -0.358656
2.454    0.0759032      -0.2182    -0.359255
2.448    0.0759953    -0.217044    -0.359802
2.442    0.0760786    -0.215753    -0.360297
2.436    0.0761534    -0.214315    -0.360742
 2.43    0.0762198    -0.212721    -0.361137
2.424     0.076278    -0.210959    -0.361484
2.418    0.0763281    -0.209017    -0.361782
2.412    0.0763703    -0.206886    -0.362033
2.406    0.0764047    -0.204553    -0.362238
  2.4    0.0764315    -0.202009    -0.362397
2.394    0.0764508    -0.199241    -0.362512
2.388    0.0764628    -0.196239    -0.362584
2.382    0.0764676    -0.192992    -0.362612
2.376    0.0764653     -0.18949    -0.362599
 2.37    0.0764562     -0.18572    -0.362544
2.364    0.0764403    -0.181672     -0.36245
2.358    0.0764179    -0.177335    -0.362316
2.352     0.076389    -0.172699    -0.362144
2.346    0.0763538    -0.167751    -0.361935
 2.34    0.0763125    -0.162481    -0.361689
2.334    0.0762652    -0.156878    -0.361407
2.328    0.0762121    -0.150932    -0.361091
2.322    0.0761533     -0.14463    -0.360741
2.316    0.0760889    -0.137963    -0.360358
 2.31    0.0760191    -0.130921    -0.359944
2.304     0.075944    -0.123499    -0.359497
2.298    0.0758637    -0.115696     -0.35902
2.292    0.0757782    -0.107507    -0.358512
2.286    0.0756876   -0.0989297    -0.357975
 2.28     0.075592   -0.0899604    -0.357407
2.274    0.0754914   -0.0805958    -0.356811
2.268     0.075386   -0.0708327    -0.356186
2.262    0.0752758    -0.060668    -0.355533
2.256    0.0751609   -0.0500983    -0.354853
 2.25    0.0750414   -0.0391203    -0.354145
2.244    0.0749173   -0.0277309    -0.353411
2.238    0.0747888   -0.0159266    -0.352652
2.232    0.0746558   -0.0037044    -0.351866
2.226    0.0745186   0.00893912    -0.351056
 2.22     0.074377    0.0220072    -0.350221
2.214    0.0742314     0.035503    -0.349362
2.208    0.0740816      0.04943     -0.34848
2.202    0.0739278    0.0637912    -0.347575
2.196    0.0737701    0.0785901    -0.346647
 2.19    0.0736085    0.0938297    -0.345697
2.184    0.0734432     0.109514    -0.344726
2.178    0.0732741     0.125645    -0.343734
2.172    0.0731014     0.142226    -0.342722
2.166    0.0729252     0.159262     -0.34169
 2.16    0.0727455     0.176755    -0.340638
2.154    0.0725624     0.194707    -0.339568
2.148     0.072376     0.213107    -0.338479
2.142    0.0721865     0.231937    -0.337373
2.136    0.0719939     0.251181    -0.336251
 2.13    0.0717984      0.27082    -0.335113
2.124    0.0716002     0.290838    -0.333959
2.118    0.0713994     0.311217    -0.332792
2.112     0.071196     0.331939    -0.331612
2.106    0.0709902     0.352987    -0.330418
  2.1    0.0707822     0.374343    -0.329214
2.094    0.0705721      0.39599    -0.327998
2.088    0.0703599     0.417911    -0.326772
2.082    0.0701459     0.440088    -0.325536
2.076    0.0699301     0.462504    -0.324292
 2.07    0.0697128     0.485141     -0.32304
2.064    0.0694939     0.507981    -0.321781
2.058    0.0692736     0.531008    -0.320516
2.052    0.0690522     0.554203    -0.319245
2.046    0.0688296      0.57755    -0.317969
 2.04     0.068606     0.601031     -0.31669
2.034    0.0683816     0.624628    -0.315407
2.028    0.0681565     0.648324    -0.314121
2.022    0.0679307     0.672101    -0.312834
2.016    0.0677045     0.695943    -0.311546
 2.01     0.067478     0.719831    -0.310257
2.004    0.0672512     0.743748    -0.308969
1.998    0.0670244     0.767677    -0.307683
1.992    0.0667975     0.791606    -0.306398
1.986    0.0665707     0.815536    -0.305114
 1.98    0.0663438     0.839466    -0.303833
1.974     0.066117     0.863396    -0.302553
1.968    0.0658901     0.887325    -0.301274
1.962    0.0656633     0.911255    -0.299998
1.956    0.0654364     0.935185    -0.298723
 1.95    0.0652096     0.959114     -0.29745
1.944    0.0649827     0.983044    -0.296179
1.938    0.0647559      1.00697    -0.294909
1.932     0.064529       1.0309    -0.293641
1.926    0.0643022      1.05483    -0.292375
 1.92    0.0640753      1.07876    -0.291111
1.914    0.0638485      1.10269    -0.289849
1.908    0.0636216      1.12662    -0.288588
1.902    0.0633948      1.15055    -0.287329
1.896     0.063168      1.17448    -0.286072
 1.89    0.0629411      1.19841    -0.284817
1.884    0.0627143      1.22234    -0.283564
1.878    0.0624874      1.24627    -0.282312
1.872    0.0622606       1.2702    -0.281062
1.866    0.0620337      1.29413    -0.279814
 1.86    0.0618069      1.31806    -0.278568
1.854      0.06158      1.34199    -0.277324
1.848    0.0613532      1.36592    -0.276081
1.842    0.0611263      1.38985    -0.274841
1.836    0.0608995      1.41378    -0.273602
 1.83    0.0606726      1.43771    -0.272365
1.824    0.0604458      1.46164     -0.27113
1.818    0.0602189      1.48557    -0.269897
1.812    0.0599921       1.5095    -0.268666
1.806    0.0597652      1.53343    -0.267437
  1.8    0.0595384      1.55736    -0.266209
1.794    0.0593115      1.58129    -0.264984
1.788    0.0590847      1.60522     -0.26376
1.782    0.0588578      1.62915    -0.262538
1.776     0.058631      1.65308    -0.261319
 1.77    0.0584041      1.67701    -0.260101
1.764    0.0581773      1.70094    -0.258885
1.758    0.0579504      1.72487    -0.257671
1.752    0.0577236       1.7488    -0.256459
1.746    0.0574967      1.77273    -0.255249
 1.74    0.0572699      1.79666    -0.254041
1.734     0.057043      1.82058    -0.252835
1.728    0.0568162      1.84451     -0.25163
1.722    0.0565893      1.86844    -0.250428
1.716    0.0563625      1.89237    -0.249228
 1.71    0.0561356       1.9163     -0.24803
1.704    0.0559088      1.94023    -0.246834
1.698    0.0556819      1.96416    -0.245639
1.692    0.0554551      1.98809    -0.244447
1.686    0.0552282      2.01202    -0.243257
 1.68    0.0550014      2.03595    -0.242069
1.674    0.0547745      2.05988    -0.240883
1.668    0.0545477      2.08381    -0.239699
1.662    0.0543208      2.10774    -0.238517
1.656     0.054094      2.13167    -0.237337
 1.65    0.0538671       2.1556    -0.236159
1.644    0.0536403      2.17953    -0.234983
1.638    0.0534134      2.20346    -0.233809
1.632    0.0531866      2.22739    -0.232637
1.626    0.0529598      2.25132    -0.231468
 1.62    0.0527329      2.27525      -0.2303
1.614    0.0525061      2.29918    -0.229135
1.608    0.0522792      2.32311    -0.227971
1.602    0.0520524      2.34704     -0.22681
1.596    0.0518255      2.37097    -0.225651
 1.59    0.0515987       2.3949    -0.224494
1.584    0.0513718      2.41883    -0.223339
1.578     0.051145      2.44276    -0.222186
1.572    0.0509181      2.46669    -0.221035
1.566    0.0506913      2.49062    -0.219887
 1.56    0.0504644      2.51455     -0.21874
1.554    0.0502376      2.53848    -0.217596
1.548    0.0500107      2.56241    -0.216454
1.542    0.0497839      2.58634    -0.215314
1.536     0.049557      2.61027    -0.214176
 1.53    0.0493302       2.6342    -0.213041
1.524    0.0491033      2.65813    -0.211907
1.518    0.0488765      2.68206    -0.210776
1.512    0.0486496      2.70598    -0.209647
1.506    0.0484228      2.72991    -0.208519
  1.5    0.0481959      2.75384    -0.207394
1.494    0.0479691      2.77777    -0.206271
1.488    0.0477422       2.8017    -0.205151
1.482    0.0475154      2.82563    -0.204032
1.476    0.0472885      2.84956    -0.202915
 1.47    0.0470617      2.87349      -0.2018
1.464    0.0468348      2.89742    -0.200688
1.458     0.046608      2.92135    -0.199577
1.452    0.0463811      2.94528    -0.198468
1.446    0.0461543      2.96921    -0.197362
 1.44    0.0459274      2.99314    -0.196257
1.434    0.0457006      3.01707    -0.195155
1.428    0.0454737        3.041    -0.194054
1.422    0.0452469      3.06493    -0.192955
1.416      0.04502      3.08886    -0.191859
 1.41    0.0447932      3.11279    -0.190764
1.404    0.0445663      3.13672    -0.189671
1.398    0.0443395      3.16065     -0.18858
1.392    0.0441126      3.18458    -0.187491
1.386    0.0438858      3.20851    -0.186404
 1.38    0.0436589      3.23244    -0.185319
1.374    0.0434321      3.25637    -0.184236
1.368    0.0432052       3.2803    -0.183154
1.362    0.0429784      3.30423    -0.182075
1.356    0.0427515      3.32816    -0.180997
 1.35    0.0425247      3.35209    -0.179921
1.344    0.0422979      3.37602    -0.178847
1.338     0.042071      3.39995    -0.177775
1.332    0.0418442      3.42388    -0.176705
1.326    0.0416173      3.44781    -0.175636
 1.32    0.0413905      3.47174     -0.17457
1.314    0.0411636      3.49567    -0.173505
1.308    0.0409368       3.5196    -0.172442
1.302    0.0407099      3.54353     -0.17138
1.296    0.0404831      3.56746    -0.170321
 1.29    0.0402562      3.59139    -0.169263
1.284    0.0400294      3.61531    -0.168207
1.278    0.0398025      3.63924    -0.167153
1.272    0.0395757      3.66317      -0.1661
1.266    0.0393488       3.6871    -0.165049
 1.26     0.039122      3.71103       -0.164
1.254    0.0388951      3.73496    -0.162952
1.248    0.0386683      3.75889    -0.161906
1.242    0.0384414      3.78282    -0.160862
1.236    0.0382146      3.80675     -0.15982
 1.23    0.0379877      3.83068    -0.158779
1.224    0.0377609      3.85461     -0.15774
1.218     0.037534      3.87854    -0.156702
1.212    0.0373072      3.90247    -0.155666
1.206    0.0370803       3.9264    -0.154632
  1.2    0.0368535      3.95033    -0.153599
1.194    0.0366266      3.97426    -0.152568
1.188    0.0363998      3.99819    -0.151539
1.182    0.0361729      4.02212    -0.150511
1.176    0.0359461      4.04605    -0.149484
 1.17    0.0357192      4.06998     -0.14846
1.164    0.0354924      4.09391    -0.147436
1.158    0.0352655      4.11784    -0.146415
1.152    0.0350387      4.14177    -0.145394
1.146    0.0348118       4.1657    -0.144376
 1.14     0.034585      4.18963    -0.143358
1.134    0.0343581      4.21356    -0.142343
1.128    0.0341313      4.23749    -0.141329
1.122    0.0339044      4.26142    -0.140316
1.116    0.0336776      4.28535    -0.139305
 1.11    0.0334507      4.30928    -0.138295
1.104    0.0332239      4.33321    -0.137286
1.098     0.032997      4.35714     -0.13628
1.092    0.0327702      4.38107    -0.135274
1.086    0.0325433        4.405     -0.13427
 1.08    0.0323165      4.42893    -0.133267
1.074    0.0320896      4.45286    -0.132266
1.068    0.0318628      4.47679    -0.131266
1.062     0.031636      4.50071    -0.130268
1.056    0.0314091      4.52464    -0.129271
 1.05    0.0311823      4.54857    -0.128275
1.044    0.0309554       4.5725    -0.127281
1.038    0.0307286      4.59643    -0.126287
1.032    0.0305017      4.62036    -0.125296
1.026    0.0302749      4.64429    -0.124305
 1.02     0.030048      4.66822    -0.123316
1.014    0.0298212      4.69215    -0.122328
1.008    0.0295943      4.71608    -0.121342
1.002    0.0293675      4.74001    -0.120357
0.996    0.0291406      4.76394    -0.119373
 0.99    0.0289138      4.78787     -0.11839
0.984    0.0286869       4.8118    -0.117409
0.978    0.0284601      4.83573    -0.116428
0.972    0.0282332      4.85966     -0.11545
0.966    0.0280064      4.88359    -0.114472
 0.96    0.0277795      4.90752    -0.113495
0.954    0.0275527      4.93145     -0.11252
0.948    0.0273258      4.95538    -0.111546
0.942     0.027099      4.97931    -0.110573
0.936    0.0268721      5.00324    -0.109601
 0.93    0.0266453      5.02717    -0.108631
0.924    0.0264184       5.0511    -0.107661
0.918    0.0261916      5.07503    -0.106693
0.912    0.0259647      5.09896    -0.105726
0.906    0.0257379      5.12289     -0.10476
  0.9     0.025511      5.14682    -0.103795
0.894    0.0252842      5.17075    -0.102831
0.888    0.0250573      5.19468    -0.101868
0.882    0.0248305      5.21861    -0.100906
0.876    0.0246036      5.24254   -0.0999458
 0.87    0.0243768      5.26647   -0.0989863
0.864    0.0241499       5.2904   -0.0980279
0.858    0.0239231      5.31433   -0.0970705
0.852    0.0236962      5.33826   -0.0961141
0.846    0.0234694      5.36219   -0.0951588
 0.84    0.0232425      5.38612   -0.0942044
0.834    0.0230157      5.41004   -0.0932511
0.828    0.0227888      5.43397   -0.0922988
0.822     0.022562       5.4579   -0.0913475
0.816    0.0223351      5.48183   -0.0903971
 0.81    0.0221083      5.50576   -0.0894477
0.804    0.0218814      5.52969   -0.0884993
0.798    0.0216546      5.55362   -0.0875518
0.792    0.0214278      5.57755   -0.0866052
0.786    0.0212009      5.60148   -0.0856596
 0.78    0.0209741      5.62541   -0.0847149
0.774    0.0207472      5.64934   -0.0837711
0.768    0.0205204      5.67327   -0.0828282
0.762    0.0202935       5.6972   -0.0818862
0.756    0.0200667      5.72113   -0.0809451
 0.75    0.0198398      5.74506   -0.0800048
0.744     0.019613      5.76899   -0.0790654
0.738    0.0193861      5.79292   -0.0781269
0.732    0.0191593      5.81685   -0.0771892
0.726    0.0189324      5.84078   -0.0762523
 0.72    0.0187056      5.86471   -0.0753162
0.714    0.0184787      5.88864    -0.074381
0.708    0.0182519      5.91257   -0.0734465
0.702     0.018025       5.9365   -0.0725129
0.696    0.0177982      5.96043     -0.07158
 0.69    0.0175713      5.98436   -0.0706479
0.684    0.0173445      6.00829   -0.0697165
0.678    0.0171176      6.03222   -0.0687859
0.672    0.0168908      6.05615   -0.0678561
0.666    0.0166639      6.08008    -0.066927
 0.66    0.0164371      6.10401   -0.0659986
0.654    0.0162102      6.12794   -0.0650709
0.648    0.0159834      6.15187   -0.0641439
0.642    0.0157565       6.1758   -0.0632176
0.636    0.0155297      6.19973    -0.062292
 0.63    0.0153028      6.22366    -0.061367
0.624     0.015076      6.24759   -0.0604428
0.618    0.0148491      6.27152   -0.0595191
0.612    0.0146223      6.29544   -0.0585962
0.606    0.0143954      6.31937   -0.0576738
  0.6    0.0141686       6.3433   -0.0567521
0.594    0.0139417      6.36723    -0.055831
0.588    0.0137149      6.39116   -0.0549105
0.582     0.013488      6.41509   -0.0539906
0.576    0.0132612      6.43902   -0.0530712
 0.57    0.0130343      6.46295   -0.0521525
0.564    0.0128075      6.48688   -0.0512343
0.558    0.0125806      6.51081   -0.0503166
0.552    0.0123538      6.53474   -0.0493996
0.546    0.0121269      6.55867    -0.048483
 0.54    0.0119001       6.5826    -0.047567
0.534    0.0116732      6.60653   -0.0466515
0.528    0.0114464      6.63046   -0.0457364
0.522    0.0112195      6.65439   -0.0448219
0.516    0.0109927      6.67832   -0.0439079
 0.51    0.0107659      6.70225   -0.0429944
0.504     0.010539      6.72618   -0.0420813
0.498    0.0103122      6.75011   -0.0411686
0.492    0.0100853      6.77404   -0.0402565
0.486   0.00985846      6.79797   -0.0393447
 0.48   0.00963161       6.8219   -0.0384334
0.474   0.00940476      6.84583   -0.0375225
0.468   0.00917791      6.86976    -0.036612
0.462   0.00895106      6.89369   -0.0357019
0.456   0.00872421      6.91762   -0.0347922
 0.45   0.00849736      6.94155   -0.0338829
0.444   0.00827051      6.96548   -0.0329739
0.438   0.00804366      6.98941   -0.0320653
0.432   0.00781682      7.01334    -0.031157
0.426   0.00758997      7.03727   -0.0302491
 0.42   0.00736312       7.0612   -0.0293415
0.414   0.00713627      7.08513   -0.0284343
0.408   0.00690942      7.10906   -0.0275273
0.402   0.00668257      7.13299   -0.0266206
0.396   0.00645572      7.15692   -0.0257143
 0.39   0.00622887      7.18085   -0.0248082
0.384   0.00600202      7.20477   -0.0239023
0.378   0.00577518       7.2287   -0.0229968
0.372   0.00554833      7.25263   -0.0220915
0.366   0.00532148      7.27656   -0.0211864
 0.36   0.00509463      7.30049   -0.0202816
0.354   0.00486778      7.32442   -0.0193769
0.348   0.00464093      7.34835   -0.0184725
0.342   0.00441408      7.37228   -0.0175683
0.336   0.00418723      7.39621   -0.0166643
 0.33   0.00396038      7.42014   -0.0157605
0.324   0.00373353      7.44407   -0.0148568
0.318   0.00350669        7.468   -0.0139533
0.312   0.00327984      7.49193   -0.0130499
0.306   0.00305299      7.51586   -0.0121467
  0.3   0.00282614      7.53979   -0.0112436
0.294   0.00259929      7.56372   -0.0103407
0.288   0.00237244      7.58765  -0.00943785
0.282   0.00214559      7.61158  -0.00853511
0.276   0.00191874      7.63551  -0.00763246
 0.27   0.00169189      7.65944   -0.0067299
0.264   0.00146505      7.68337  -0.00582741
0.258    0.0012382       7.7073  -0.00492498
0.252   0.00101135      7.73123  -0.00402261
0.246  0.000784499      7.75516  -0.00312028
 0.24   0.00055765      7.77909  -0.00221798
0.234  0.000330801      7.80302  -0.00131571
0.228  0.000103952      7.82695 -0.000413452
0.222            0      7.85088            0
0.216            0      7.87481            0
 0.21            0      7.89874            0
0.204            0      7.92267            0
0.198            0       7.9466            0
0.192            0      7.97053            0
0.186            0      7.99446            0
 0.18            0      8.01839            0
0.174            0      8.04232            0
0.168            0      8.06625            0
0.162            0      8.09017            0
0.156            0       8.1141            0
 0.15            0      8.13803            0
0.144            0      8.16196            0
0.138            0      8.18589            0
0.132            0      8.20982            0
0.126            0      8.23375            0
 0.12            0      8.25768            0
0.114            0      8.28161            0
0.108            0      8.30554            0
0.102            0      8.32947            0
0.096            0       8.3534            0
 0.09            0      8.37733            0
0.084            0      8.40126            0
0.078            0      8.42519            0
0.072            0      8.44912            0
0.066            0      8.47305            0
 0.06            0      8.49698            0
0.054            0      8.52091            0
0.048            0      8.54484            0
0.042            0      8.56877            0
0.036            0       8.5927            0
 0.03            0      8.61663            0
0.024            0      8.64056            0
0.018            0      8.66449            0
0.012            0      8.68842            0
0.006            0      8.71235            0
