    r     rho_a(r)         V(r)  F(rho_a(r))
    6  1.64034e-07  1.89847e-06 -0.000332371
5.994   1.6732e-07  1.94006e-06 -0.000339031
5.988  1.70672e-07  1.98257e-06 -0.000345821
5.982  1.74089e-07    2.026e-06 -0.000352746
5.976  1.77574e-07  2.07039e-06 -0.000359807
 5.97  1.81128e-07  2.11575e-06 -0.000367007
5.964  1.84751e-07   2.1621e-06 -0.000374349
5.958  1.88446e-07  2.20946e-06 -0.000381836
5.952  1.92214e-07  2.25786e-06  -0.00038947
5.946  1.96055e-07  2.30733e-06 -0.000397255
 5.94  1.99973e-07  2.35787e-06 -0.000405192
5.934  2.03967e-07  2.40952e-06 -0.000413286
5.928   2.0804e-07   2.4623e-06 -0.000421538
5.922  2.12193e-07  2.51624e-06 -0.000429953
5.916  2.16427e-07  2.57135e-06 -0.000438533
 5.91  2.20745e-07  2.62767e-06 -0.000447282
5.904  2.25148e-07  2.68523e-06 -0.000456202
5.898  2.29637e-07  2.74404e-06 -0.000465298
5.892  2.34213e-07  2.80414e-06 -0.000474571
5.886   2.3888e-07  2.86556e-06 -0.000484027
 5.88  2.43638e-07  2.92832e-06 -0.000493668
5.874   2.4849e-07  2.99245e-06 -0.000503498
5.868  2.53436e-07  3.05799e-06 -0.000513521
5.862  2.58479e-07  3.12496e-06  -0.00052374
5.856  2.63621e-07  3.19339e-06 -0.000534159
 5.85  2.68864e-07  3.26333e-06 -0.000544781
5.844  2.74209e-07  3.33479e-06 -0.000555612
5.838  2.79659e-07  3.40782e-06 -0.000566654
5.832  2.85215e-07  3.48244e-06 -0.000577912
5.826   2.9088e-07   3.5587e-06  -0.00058939
 5.82  2.96655e-07  3.63662e-06 -0.000601093
5.814  3.02544e-07  3.71625e-06 -0.000613024
5.808  3.08547e-07  3.79762e-06 -0.000625187
5.802  3.14667e-07  3.88078e-06 -0.000637588
5.796  3.20907e-07  3.96575e-06 -0.000650231
 5.79  3.27268e-07  4.05257e-06 -0.000663121
5.784  3.33753e-07   4.1413e-06 -0.000676261
5.778  3.40365e-07  4.23197e-06 -0.000689658
5.772  3.47105e-07  4.32463e-06 -0.000703315
5.766  3.53977e-07   4.4193e-06 -0.000717239
 5.76  3.60982e-07  4.51606e-06 -0.000731433
5.754  3.68124e-07  4.61492e-06 -0.000745903
5.748  3.75405e-07  4.71595e-06 -0.000760655
5.742  3.82827e-07  4.81919e-06 -0.000775694
5.736  3.90393e-07  4.92468e-06 -0.000791024
 5.73  3.98106e-07  5.03249e-06 -0.000806653
5.724  4.05969e-07  5.14265e-06 -0.000822585
5.718  4.13985e-07  5.25522e-06 -0.000838826
5.712  4.22156e-07  5.37025e-06 -0.000855383
5.706  4.30485e-07   5.4878e-06  -0.00087226
  5.7  4.38977e-07  5.60791e-06 -0.000889464
5.694  4.47632e-07  5.73066e-06 -0.000907002
5.688  4.56456e-07  5.85609e-06  -0.00092488
5.682   4.6545e-07  5.98426e-06 -0.000943104
5.676  4.74618e-07  6.11523e-06 -0.000961681
 5.67  4.83964e-07  6.24907e-06 -0.000980617
5.664   4.9349e-07  6.38583e-06 -0.000999919
5.658  5.03201e-07  6.52558e-06  -0.00101959
5.652  5.13099e-07  6.66839e-06  -0.00103965
5.646  5.23189e-07  6.81432e-06  -0.00106009
 5.64  5.33473e-07  6.96345e-06  -0.00108093
5.634  5.43956e-07  7.11583e-06  -0.00110217
5.628  5.54641e-07  7.27154e-06  -0.00112382
5.622  5.65533e-07  7.43066e-06  -0.00114589
5.616  5.76634e-07  7.59325e-06  -0.00116838
 5.61  5.87949e-07   7.7594e-06  -0.00119131
5.604  5.99483e-07  7.92919e-06  -0.00121468
5.598  6.11238e-07  8.10268e-06   -0.0012385
5.592   6.2322e-07  8.27997e-06  -0.00126277
5.586  6.35432e-07  8.46113e-06  -0.00128752
 5.58   6.4788e-07  8.64625e-06  -0.00131274
5.574  6.60566e-07  8.83542e-06  -0.00133844
5.568  6.73497e-07  9.02872e-06  -0.00136464
5.562  6.86675e-07  9.22624e-06  -0.00139134
5.556  7.00107e-07  9.42809e-06  -0.00141856
 5.55  7.13797e-07  9.63434e-06  -0.00144629
5.544  7.27749e-07  9.84511e-06  -0.00147456
5.538  7.41969e-07  1.00605e-05  -0.00150337
5.532  7.56462e-07  1.02806e-05  -0.00153274
5.526  7.71233e-07  1.05054e-05  -0.00156266
 5.52  7.86286e-07  1.07352e-05  -0.00159316
5.514  8.01628e-07  1.09701e-05  -0.00162425
5.508  8.17263e-07    1.121e-05  -0.00165592
5.502  8.33197e-07  1.14552e-05  -0.00168821
5.496  8.49437e-07  1.17058e-05  -0.00172111
 5.49  8.65986e-07  1.19618e-05  -0.00175464
5.484  8.82852e-07  1.22234e-05  -0.00178881
5.478   9.0004e-07  1.24908e-05  -0.00182363
5.472  9.17557e-07  1.27639e-05  -0.00185912
5.466  9.35407e-07  1.30431e-05  -0.00189529
 5.46  9.53598e-07  1.33283e-05  -0.00193214
5.454  9.72136e-07  1.36198e-05   -0.0019697
5.448  9.91028e-07  1.39177e-05  -0.00200798
5.442  1.01028e-06   1.4222e-05  -0.00204698
5.436   1.0299e-06   1.4533e-05  -0.00208672
 5.43  1.04989e-06  1.48508e-05  -0.00212722
5.424  1.07026e-06  1.51756e-05   -0.0021685
5.418  1.09102e-06  1.55074e-05  -0.00221055
5.412  1.11217e-06  1.58465e-05  -0.00225341
5.406  1.13373e-06   1.6193e-05  -0.00229708
  5.4  1.15569e-06   1.6547e-05  -0.00234158
5.394  1.17808e-06  1.69088e-05  -0.00238692
5.388  1.20088e-06  1.72785e-05  -0.00243313
5.382  1.22412e-06  1.76563e-05  -0.00248021
5.376   1.2478e-06  1.80423e-05  -0.00252818
 5.37  1.27193e-06  1.84368e-05  -0.00257706
5.364  1.29652e-06  1.88399e-05  -0.00262687
5.358  1.32157e-06  1.92517e-05  -0.00267762
5.352   1.3471e-06  1.96726e-05  -0.00272933
5.346  1.37311e-06  2.01027e-05  -0.00278202
 5.34  1.39961e-06  2.05421e-05  -0.00283571
5.334  1.42661e-06  2.09912e-05  -0.00289041
5.328  1.45412e-06    2.145e-05  -0.00294614
5.322  1.48216e-06  2.19189e-05  -0.00300292
5.316  1.51072e-06   2.2398e-05  -0.00306078
 5.31  1.53982e-06  2.28876e-05  -0.00311972
5.304  1.56947e-06  2.33878e-05  -0.00317978
5.298  1.59967e-06   2.3899e-05  -0.00324097
5.292  1.63045e-06  2.44214e-05  -0.00330331
5.286  1.66181e-06  2.49551e-05  -0.00336682
 5.28  1.69376e-06  2.55005e-05  -0.00343153
5.274   1.7263e-06  2.60578e-05  -0.00349746
5.268  1.75947e-06  2.66273e-05  -0.00356463
5.262  1.79325e-06  2.72093e-05  -0.00363305
5.256  1.82767e-06  2.78039e-05  -0.00370276
 5.25  1.86273e-06  2.84115e-05  -0.00377378
5.244  1.89846e-06  2.90323e-05  -0.00384614
5.238  1.93485e-06  2.96668e-05  -0.00391984
5.232  1.97193e-06   3.0315e-05  -0.00399493
5.226   2.0097e-06  3.09775e-05  -0.00407143
 5.22  2.04818e-06  3.16543e-05  -0.00414936
5.214  2.08738e-06   3.2346e-05  -0.00422875
5.208  2.12732e-06  3.30527e-05  -0.00430962
5.202    2.168e-06  3.37749e-05    -0.004392
5.196  2.20944e-06  3.45129e-05  -0.00447592
 5.19  2.25166e-06  3.52669e-05  -0.00456141
5.184  2.29467e-06  3.60374e-05  -0.00464849
5.178  2.33848e-06  3.68247e-05   -0.0047372
5.172   2.3831e-06  3.76293e-05  -0.00482756
5.166  2.42856e-06  3.84513e-05  -0.00491961
 5.16  2.47487e-06  3.92913e-05  -0.00501337
5.154  2.52204e-06  4.01497e-05  -0.00510887
5.148  2.57009e-06  4.10267e-05  -0.00520615
5.142  2.61904e-06  4.19229e-05  -0.00530524
5.136   2.6689e-06  4.28387e-05  -0.00540617
 5.13  2.71968e-06  4.37744e-05  -0.00550897
5.124  2.77141e-06  4.47306e-05  -0.00561369
5.118   2.8241e-06  4.57076e-05  -0.00572034
5.112  2.87777e-06   4.6706e-05  -0.00582897
5.106  2.93243e-06  4.77261e-05  -0.00593962
  5.1  2.98811e-06  4.87685e-05  -0.00605231
5.094  3.04483e-06  4.98336e-05  -0.00616709
5.088  3.10259e-06   5.0922e-05    -0.006284
5.082  3.16143e-06  5.20341e-05  -0.00640306
5.076  3.22135e-06  5.31705e-05  -0.00652432
 5.07  3.28239e-06  5.43317e-05  -0.00664782
5.064  3.34455e-06  5.55182e-05  -0.00677361
5.058  3.40786e-06  5.67305e-05  -0.00690171
5.052  3.47235e-06  5.79694e-05  -0.00703217
5.046  3.53802e-06  5.92352e-05  -0.00716503
 5.04  3.60491e-06  6.05287e-05  -0.00730034
5.034  3.67303e-06  6.18504e-05  -0.00743814
5.028  3.74241e-06  6.32009e-05  -0.00757847
5.022  3.81307e-06  6.45809e-05  -0.00772138
5.016  3.88503e-06  6.59909e-05  -0.00786691
 5.01  3.95832e-06  6.74318e-05  -0.00801511
5.004  4.03296e-06   6.8904e-05  -0.00816603
4.998  4.10897e-06  7.04084e-05  -0.00831972
4.992  4.18637e-06  7.19455e-05  -0.00847622
4.986   4.2652e-06  7.35162e-05  -0.00863558
 4.98  4.34548e-06  7.51212e-05  -0.00879785
4.974  4.42724e-06  7.67611e-05  -0.00896309
4.968  4.51049e-06  7.84368e-05  -0.00913135
4.962  4.59527e-06  8.01491e-05  -0.00930268
4.956   4.6816e-06  8.18987e-05  -0.00947713
 4.95  4.76952e-06  8.36864e-05  -0.00965476
4.944  4.85905e-06  8.55131e-05  -0.00983562
4.938  4.95021e-06  8.73797e-05   -0.0100198
4.932  5.04305e-06   8.9287e-05   -0.0102073
4.926  5.13758e-06  9.12358e-05   -0.0103982
 4.92  5.23384e-06  9.32271e-05   -0.0105925
4.914  5.33185e-06  9.52619e-05   -0.0107904
4.908  5.43166e-06   9.7341e-05   -0.0109919
4.902  5.53329e-06  9.94654e-05    -0.011197
4.896  5.63677e-06  0.000101636   -0.0114059
 4.89  5.74214e-06  0.000103854   -0.0116185
4.884  5.84942e-06  0.000106121   -0.0118349
4.878  5.95866e-06  0.000108437   -0.0120553
4.872  6.06989e-06  0.000110803   -0.0122796
4.866  6.18314e-06  0.000113221    -0.012508
 4.86  6.29845e-06  0.000115691   -0.0127404
4.854  6.41586e-06  0.000118216   -0.0129771
4.848  6.53539e-06  0.000120795    -0.013218
4.842   6.6571e-06  0.000123431   -0.0134632
4.836  6.78101e-06  0.000126124   -0.0137128
 4.83  6.90717e-06  0.000128876   -0.0139669
4.824  7.03561e-06  0.000131688   -0.0142256
4.818  7.16638e-06  0.000134561   -0.0144888
4.812  7.29952e-06  0.000137497   -0.0147568
4.806  7.43506e-06  0.000140497   -0.0150295
  4.8  7.57306e-06  0.000143562   -0.0153071
4.794  7.71355e-06  0.000146694   -0.0155896
4.788  7.85657e-06  0.000149894   -0.0158771
4.782  8.00218e-06  0.000153164   -0.0161698
4.776  8.15041e-06  0.000156505   -0.0164676
 4.77  8.30131e-06  0.000159919   -0.0167707
4.764  8.45493e-06  0.000163407   -0.0170792
4.758  8.61132e-06  0.000166971   -0.0173931
4.752  8.77052e-06  0.000170613   -0.0177125
4.746  8.93258e-06  0.000174335   -0.0180376
 4.74  9.09756e-06  0.000178137   -0.0183684
4.734   9.2655e-06  0.000182022    -0.018705
4.728  9.43646e-06  0.000185992   -0.0190474
4.722  9.61048e-06  0.000190049   -0.0193959
4.716  9.78763e-06  0.000194193   -0.0197505
 4.71  9.96794e-06  0.000198429   -0.0201113
4.704  1.01515e-05  0.000202756   -0.0204784
4.698  1.03383e-05  0.000207177   -0.0208518
4.692  1.05285e-05  0.000211695   -0.0212318
4.686  1.07221e-05  0.000216312   -0.0216183
 4.68  1.09191e-05  0.000221029   -0.0220115
4.674  1.11197e-05  0.000225848   -0.0224115
4.668  1.13238e-05  0.000230773   -0.0228184
4.662  1.15316e-05  0.000235805   -0.0232324
4.656   1.1743e-05  0.000240946   -0.0236534
 4.65  1.19583e-05    0.0002462   -0.0240816
4.644  1.21774e-05  0.000251568   -0.0245172
4.638  1.24003e-05  0.000257052   -0.0249602
4.632  1.26273e-05  0.000262657   -0.0254108
4.626  1.28583e-05  0.000268383    -0.025869
 4.62  1.30933e-05  0.000274234    -0.026335
4.614  1.33326e-05  0.000280212   -0.0268089
4.608  1.35761e-05  0.000286321   -0.0272908
4.602  1.38239e-05  0.000292563   -0.0277807
4.596  1.40761e-05   0.00029894   -0.0282789
 4.59  1.43327e-05  0.000305456   -0.0287855
4.584  1.45939e-05  0.000312115   -0.0293005
4.578  1.48598e-05  0.000318918   -0.0298241
4.572  1.51303e-05  0.000325869   -0.0303564
4.566  1.54056e-05  0.000332972   -0.0308974
 4.56  1.56858e-05   0.00034023   -0.0314475
4.554  1.59709e-05  0.000347645   -0.0320065
4.548   1.6261e-05  0.000355222   -0.0325747
4.542  1.65562e-05  0.000362964   -0.0331522
4.536  1.68567e-05  0.000370874   -0.0337391
 4.53  1.71624e-05  0.000378956   -0.0343355
4.524  1.74735e-05  0.000387215   -0.0349415
4.518  1.77901e-05  0.000395653   -0.0355573
4.512  1.81122e-05  0.000404275   -0.0361829
4.506    1.844e-05  0.000413085   -0.0368185
  4.5  1.87735e-05  0.000422086   -0.0374642
4.494  1.91129e-05  0.000431283   -0.0381201
4.488  1.94582e-05  0.000440681   -0.0387863
4.482  1.98096e-05  0.000450283   -0.0394629
4.476  2.01671e-05  0.000460094     -0.04015
 4.47  2.05309e-05  0.000470118   -0.0408478
4.464   2.0901e-05  0.000480361   -0.0415563
4.458  2.12776e-05  0.000490827   -0.0422757
4.452  2.16607e-05   0.00050152   -0.0430059
4.446  2.20506e-05  0.000512446   -0.0437473
 4.44  2.24472e-05   0.00052361   -0.0444997
4.434  2.28507e-05  0.000535017   -0.0452633
4.428  2.32613e-05  0.000546672   -0.0460383
4.422   2.3679e-05  0.000558581   -0.0468246
4.416  2.41039e-05  0.000570748   -0.0476224
 4.41  2.45363e-05  0.000583181   -0.0484317
4.404  2.49761e-05  0.000595884   -0.0492526
4.398  2.54236e-05  0.000608863   -0.0500851
4.392  2.58788e-05  0.000622125   -0.0509294
4.386  2.63419e-05  0.000635676   -0.0517854
 4.38  2.68131e-05  0.000649521   -0.0526532
4.374  2.72924e-05  0.000663667   -0.0535328
4.368  2.77799e-05  0.000678122   -0.0544243
4.362  2.82759e-05   0.00069289   -0.0553276
4.356  2.87805e-05   0.00070798   -0.0562428
 4.35  2.92937e-05  0.000723398   -0.0571699
4.344  2.98158e-05  0.000739152   -0.0581088
4.338  3.03469e-05  0.000755248   -0.0590595
4.332  3.08872e-05  0.000771694   -0.0600221
4.326  3.14367e-05  0.000788499   -0.0609963
 4.32  3.19957e-05  0.000805668   -0.0619822
4.314  3.25643e-05  0.000823211   -0.0629797
4.308  3.31426e-05  0.000841136   -0.0639887
4.302  3.37309e-05  0.000859451   -0.0650091
4.296  3.43293e-05  0.000878163   -0.0660407
 4.29  3.49379e-05  0.000897283   -0.0670834
4.284  3.55569e-05  0.000916819   -0.0681371
4.278  3.61865e-05  0.000936779   -0.0692014
4.272  3.68269e-05  0.000957174   -0.0702763
4.266  3.74782e-05  0.000978012   -0.0713615
 4.26  3.81406e-05  0.000999303   -0.0724566
4.254  3.88144e-05   0.00102106   -0.0735615
4.248  3.94996e-05   0.00104328   -0.0746758
4.242  4.01965e-05     0.001066   -0.0757992
4.236  4.09053e-05    0.0010892   -0.0769312
 4.23  4.16261e-05   0.00111291   -0.0780715
4.224  4.23592e-05   0.00113713   -0.0792196
4.218  4.31047e-05   0.00116188    -0.080375
4.212  4.38629e-05   0.00118717   -0.0815372
4.206  4.46339e-05   0.00121301   -0.0827056
  4.2   4.5418e-05   0.00123941   -0.0838797
4.194  4.62154e-05   0.00126639   -0.0850586
4.188  4.70263e-05   0.00129395   -0.0862418
4.182  4.78509e-05   0.00132211   -0.0874285
4.176  4.86894e-05   0.00135088   -0.0886177
 4.17  4.95421e-05   0.00138028   -0.0898088
4.164  5.04092e-05   0.00141032   -0.0910007
4.158  5.12909e-05   0.00144101   -0.0921924
4.152  5.21875e-05   0.00147237   -0.0933828
4.146  5.30991e-05    0.0015044   -0.0945709
 4.14  5.40261e-05   0.00153714   -0.0957561
4.134  5.49687e-05   0.00157059   -0.0969385
4.128  5.59271e-05   0.00160476   -0.0981181
4.122  5.69016e-05   0.00163968   -0.0992948
4.116  5.78925e-05   0.00167535    -0.100469
 4.11  5.88999e-05    0.0017118    -0.101641
4.104  5.99243e-05   0.00174905     -0.10281
4.098  6.09658e-05    0.0017871    -0.103977
4.092  6.20247e-05   0.00182598    -0.105143
4.086  6.31012e-05    0.0018657    -0.106308
 4.08  6.41958e-05   0.00190629    -0.107473
4.074  6.53087e-05   0.00194776    -0.108637
4.068    6.644e-05   0.00199013    -0.109802
4.062  6.75903e-05   0.00203342    -0.110969
4.056  6.87597e-05   0.00207765    -0.112139
 4.05  6.99485e-05   0.00212284    -0.113312
4.044  7.11571e-05   0.00216902    -0.114491
4.038  7.23858e-05    0.0022162    -0.115675
4.032  7.36348e-05    0.0022644    -0.116868
4.026  7.49046e-05   0.00231365    -0.118071
 4.02  7.61954e-05   0.00236397    -0.119285
4.014  7.75076e-05   0.00241538    -0.120512
4.008  7.88415e-05   0.00246791    -0.121756
4.002  8.01975e-05   0.00252158    -0.123018
3.996  8.15758e-05   0.00257642      -0.1243
 3.99   8.2977e-05   0.00263245    -0.125604
3.984  8.44012e-05    0.0026897     -0.12693
3.978  8.58488e-05   0.00274819    -0.128277
3.972  8.73204e-05   0.00280795    -0.129645
3.966  8.88161e-05     0.002869    -0.131035
 3.96  9.03364e-05   0.00293139    -0.132446
3.954  9.18817e-05   0.00299513    -0.133879
3.948  9.34524e-05   0.00306025    -0.135334
3.942  9.50488e-05   0.00312679     -0.13681
3.936  9.66714e-05   0.00319477    -0.138307
 3.93  9.83205e-05   0.00326423    -0.139826
3.924  9.99967e-05    0.0033352    -0.141366
3.918    0.0001017   0.00340771    -0.142927
3.912  0.000103432   0.00348179    -0.144509
3.906  0.000105191   0.00355748    -0.146111
  3.9   0.00010698   0.00363482    -0.147733
3.894  0.000108797   0.00371384    -0.149375
3.888  0.000110644   0.00379457    -0.151036
3.882  0.000112521   0.00387705    -0.152716
3.876  0.000114429   0.00396133    -0.154415
 3.87  0.000116367   0.00404744    -0.156131
3.864  0.000118337   0.00413541    -0.157864
3.858  0.000120339    0.0042253    -0.159614
3.852  0.000122374   0.00431713    -0.161379
3.846  0.000124441   0.00441096    -0.163159
 3.84  0.000126542   0.00450683    -0.164954
3.834  0.000128677   0.00460478    -0.166765
3.828  0.000130846   0.00470486     -0.16859
3.822   0.00013305   0.00480711     -0.17043
3.816   0.00013529   0.00491158    -0.172286
 3.81  0.000137566   0.00501831    -0.174158
3.804  0.000139879   0.00512736    -0.176045
3.798  0.000142228   0.00523879    -0.177948
3.792  0.000144616   0.00535262    -0.179867
3.786  0.000147041   0.00546894    -0.181803
 3.78  0.000149506   0.00558777    -0.183755
3.774   0.00015201   0.00570918    -0.185724
3.768  0.000154555   0.00583323     -0.18771
3.762   0.00015714   0.00595998    -0.189714
3.756  0.000159766   0.00608947    -0.191736
 3.75  0.000162434   0.00622177    -0.193776
3.744  0.000165145   0.00635695    -0.195836
3.738  0.000167899   0.00649506    -0.197914
3.732  0.000170697   0.00663616    -0.200013
3.726   0.00017354   0.00678033    -0.202132
 3.72  0.000176427   0.00692763    -0.204273
3.714  0.000179361   0.00707812    -0.206436
3.708  0.000182341   0.00723188    -0.208621
3.702  0.000185369   0.00738898    -0.210831
3.696  0.000188444   0.00754948    -0.213064
 3.69  0.000191568   0.00771347    -0.215322
3.684  0.000194742   0.00788102    -0.217605
3.678  0.000197966    0.0080522    -0.219913
3.672   0.00020124    0.0082271    -0.222246
3.666  0.000204567   0.00840579    -0.224603
 3.66  0.000207945   0.00858836    -0.226986
3.654  0.000211377   0.00877489    -0.229394
3.648  0.000214864   0.00896546    -0.231828
3.642  0.000218404   0.00916017    -0.234287
3.636  0.000222001   0.00935911    -0.236771
 3.63  0.000225654   0.00956236    -0.239282
3.624  0.000229364   0.00977002    -0.241818
3.618  0.000233133   0.00998219     -0.24438
3.612   0.00023696     0.010199    -0.246969
3.606  0.000240848    0.0104204    -0.249583
  3.6  0.000244796    0.0106467    -0.252225
3.594  0.000248806    0.0108779    -0.254892
3.588  0.000252878    0.0111141    -0.257587
3.582  0.000257014    0.0113554    -0.260308
3.576  0.000261214     0.011602    -0.263056
 3.57   0.00026548    0.0118539    -0.265831
3.564  0.000269812    0.0121112    -0.268634
3.558  0.000274211    0.0123742    -0.271464
3.552  0.000278679    0.0126428    -0.274322
3.546  0.000283215    0.0129173    -0.277208
 3.54  0.000287822    0.0131978    -0.280122
3.534  0.000292501    0.0134843    -0.283064
3.528  0.000297252     0.013777    -0.286035
3.522  0.000302076    0.0140761    -0.289034
3.516  0.000306975    0.0143817    -0.292062
 3.51  0.000311949    0.0146938    -0.295118
3.504     0.000317    0.0150128    -0.298204
3.498  0.000322128    0.0153387    -0.301318
3.492  0.000327336    0.0156716    -0.304463
3.486  0.000332624    0.0160118    -0.307637
 3.48  0.000337992    0.0163593     -0.31084
3.474  0.000343444    0.0167144    -0.314074
3.468  0.000348978    0.0170772    -0.317339
3.462  0.000354598    0.0174479    -0.320634
3.456  0.000360303    0.0178265     -0.32396
 3.45  0.000366096    0.0182134    -0.327318
3.444  0.000371977    0.0186087    -0.330708
3.438  0.000377948    0.0190126    -0.334129
3.432   0.00038401    0.0194252    -0.337584
3.426  0.000390165    0.0198467    -0.341071
 3.42  0.000396413    0.0202774    -0.344592
3.414  0.000402756    0.0207175    -0.348147
3.408  0.000409195     0.021167    -0.351737
3.402  0.000415732    0.0216264    -0.355363
3.396  0.000422368    0.0220956    -0.359024
 3.39  0.000429105    0.0225751    -0.362721
3.384  0.000435944    0.0230649    -0.366455
3.378  0.000442886    0.0235654    -0.370225
3.372  0.000449933    0.0240767    -0.374032
3.366  0.000457087    0.0245991    -0.377876
 3.36  0.000464348    0.0251328    -0.381757
3.354  0.000471719    0.0256781    -0.385675
3.348    0.0004792    0.0262352    -0.389631
3.342  0.000486795    0.0268044    -0.393625
3.336  0.000494503     0.027386    -0.397657
 3.33  0.000502327    0.0279801    -0.401726
3.324  0.000510269    0.0285871    -0.405835
3.318  0.000518329    0.0292073    -0.409982
3.312   0.00052651    0.0298409    -0.414168
3.306  0.000534814    0.0304882    -0.418394
  3.3  0.000543242    0.0311496    -0.422659
3.294  0.000551795    0.0318253    -0.426964
3.288  0.000560476    0.0325157     -0.43131
3.282  0.000569287     0.033221    -0.435697
3.276  0.000578229    0.0339416    -0.440124
 3.27  0.000587304    0.0346778    -0.444594
3.264  0.000596514      0.03543    -0.449106
3.258   0.00060586    0.0361985     -0.45366
3.252  0.000615345    0.0369836    -0.458258
3.246  0.000624971    0.0377857    -0.462899
 3.24   0.00063474    0.0386053    -0.467585
3.234  0.000644653    0.0394426    -0.472315
3.228  0.000654713     0.040298     -0.47709
3.222  0.000664921     0.041172    -0.481909
3.216   0.00067528    0.0420649    -0.486774
 3.21  0.000685792    0.0429772    -0.491684
3.204  0.000696458    0.0439092     -0.49664
3.198  0.000707282    0.0448614    -0.501641
3.192  0.000718265    0.0458343    -0.506689
3.186  0.000729409    0.0468282    -0.511783
 3.18  0.000740717    0.0478437    -0.516924
3.174   0.00075219    0.0488812    -0.522112
3.168  0.000763832    0.0499412    -0.527347
3.162  0.000775644    0.0510241     -0.53263
3.156   0.00078763    0.0521305    -0.537961
 3.15   0.00079979    0.0532609    -0.543341
3.144  0.000812128    0.0544158     -0.54877
3.138  0.000824646    0.0555957    -0.554248
3.132  0.000837346    0.0568011    -0.559777
3.126  0.000850231    0.0580327    -0.565356
 3.12  0.000863304     0.059291    -0.570986
3.114  0.000876567    0.0605765    -0.576668
3.108  0.000890023    0.0618899    -0.582402
3.102  0.000903674    0.0632317     -0.58819
3.096  0.000917523    0.0646026    -0.594031
 3.09  0.000931572    0.0660033    -0.599927
3.084  0.000945825    0.0674342    -0.605878
3.078  0.000960284    0.0688962    -0.611884
3.072  0.000974952    0.0703898    -0.617946
3.066  0.000989832    0.0719158    -0.624064
 3.06   0.00100493    0.0734749    -0.630237
3.054   0.00102024    0.0750677    -0.636467
3.048   0.00103577     0.076695    -0.642754
3.042   0.00105153    0.0783576    -0.649098
3.036   0.00106751    0.0800563    -0.655499
 3.03   0.00108372    0.0817917    -0.661957
3.024   0.00110017    0.0835647    -0.668474
3.018   0.00111685    0.0853761    -0.675049
3.012   0.00113377    0.0872268    -0.681683
3.006   0.00115093    0.0891176    -0.688376
    3   0.00116834    0.0910493    -0.695129
2.994   0.00118599    0.0930229    -0.701942
2.988    0.0012039    0.0950392    -0.708816
2.982   0.00122206    0.0970992    -0.715752
2.976   0.00124049    0.0992039    -0.722749
 2.97   0.00125917     0.101354    -0.729809
2.964   0.00127812     0.103551    -0.736932
2.958   0.00129734     0.105795    -0.744119
2.952   0.00131684     0.108088    -0.751371
2.946   0.00133661     0.110431    -0.758689
 2.94   0.00135666     0.112825    -0.766073
2.934   0.00137699      0.11527    -0.773524
2.928   0.00139762     0.117768    -0.781043
2.922   0.00141853     0.120321     -0.78863
2.916   0.00143974     0.122928    -0.796285
 2.91   0.00146125     0.125592    -0.804009
2.904   0.00148307     0.128314    -0.811802
2.898   0.00150519     0.131095    -0.819664
2.892   0.00152762     0.133936    -0.827595
2.886   0.00155037     0.136839    -0.835597
 2.88   0.00157344     0.139805    -0.843669
2.874   0.00159683     0.142834    -0.851812
2.868   0.00162056      0.14593    -0.860026
2.862   0.00164461     0.149092    -0.868312
2.856   0.00166901     0.152323     -0.87667
 2.85   0.00169374     0.155624    -0.885102
2.844   0.00171882     0.158997    -0.893607
2.838   0.00174425     0.162442    -0.902185
2.832   0.00177004     0.165963    -0.910839
2.826   0.00179619     0.169559    -0.919568
 2.82    0.0018227     0.173234    -0.928373
2.814   0.00184959     0.176988    -0.937255
2.808   0.00187684     0.180823    -0.946215
2.802   0.00190448     0.184741    -0.955253
2.796   0.00193251     0.188745    -0.964371
 2.79   0.00196092     0.192835     -0.97357
2.784   0.00198972     0.197013     -0.98285
2.778   0.00201893     0.201283    -0.992213
2.772   0.00204855     0.205644     -1.00166
2.766   0.00207857       0.2101     -1.01119
 2.76   0.00210901     0.214653      -1.0208
2.754   0.00213987     0.219305      -1.0305
2.748   0.00217116     0.224057     -1.04028
2.742   0.00220288     0.228912     -1.05015
2.736   0.00223504     0.233872      -1.0601
 2.73   0.00226764      0.23894     -1.07014
2.724    0.0023007     0.244118     -1.08026
2.718    0.0023342     0.249407     -1.09047
2.712   0.00236818     0.254812     -1.10077
2.706   0.00240261     0.260333     -1.11116
  2.7   0.00243753     0.265974     -1.12164
2.694   0.00247292     0.271738      -1.1322
2.688    0.0025088     0.277626     -1.14286
2.682   0.00254517     0.283642      -1.1536
2.676   0.00258204     0.289788     -1.16444
 2.67   0.00261942     0.296068     -1.17537
2.664   0.00265731     0.302483     -1.18639
2.658   0.00269572     0.309038     -1.19751
2.652   0.00273465     0.315734     -1.20872
2.646   0.00277412     0.322576     -1.22003
 2.64   0.00281412     0.329566     -1.23144
2.634   0.00285467     0.336707     -1.24294
2.628   0.00289578     0.344004     -1.25455
2.622   0.00293745     0.351458     -1.26625
2.616   0.00297968     0.359074     -1.27806
 2.61   0.00302249     0.366855     -1.28997
2.604   0.00306588     0.374805     -1.30198
2.598   0.00310987     0.382927     -1.31409
2.592   0.00315445     0.391225     -1.32631
2.586   0.00319964     0.399702     -1.33863
 2.58   0.00324544     0.408364     -1.35105
2.574   0.00329186     0.417213     -1.36358
2.568   0.00333891     0.426255     -1.37622
2.562    0.0033866     0.435492     -1.38896
2.556   0.00343494     0.444929     -1.40181
 2.55   0.00348393     0.454571     -1.41477
2.544   0.00353359     0.464423     -1.42783
2.538   0.00358391     0.474487     -1.44101
2.532   0.00363492      0.48477     -1.45429
2.526   0.00368662     0.495276     -1.46768
 2.52   0.00373901      0.50601     -1.48119
2.514   0.00379211     0.516976     -1.49481
2.508   0.00384593      0.52818     -1.50854
2.502   0.00390047     0.539627     -1.52239
2.496   0.00395574     0.551323     -1.53635
 2.49   0.00401176     0.563272     -1.55043
2.484   0.00406854      0.57548     -1.56463
2.478   0.00412608     0.587952     -1.57895
2.472   0.00418439     0.600696     -1.59339
2.466   0.00424348     0.613716     -1.60796
 2.46   0.00430337     0.627018     -1.62264
2.454   0.00436406     0.640608     -1.63745
2.448   0.00442557     0.654494     -1.65239
2.442    0.0044879      0.66868     -1.66745
2.436   0.00455107     0.683175     -1.68264
 2.43   0.00461508     0.697984     -1.69795
2.424   0.00467995     0.713114     -1.71339
2.418   0.00474568     0.728572     -1.72896
2.412    0.0048123     0.744366     -1.74466
2.406    0.0048798     0.760502     -1.76049
  2.4   0.00494821     0.776989     -1.77644
2.394   0.00501753     0.793833     -1.79253
2.388   0.00508777     0.811043     -1.80875
2.382   0.00515895     0.828626      -1.8251
2.376   0.00523108     0.846591     -1.84159
 2.37   0.00530417     0.864946     -1.85821
2.364   0.00537824     0.883699     -1.87496
2.358   0.00545329     0.902859     -1.89186
2.352   0.00552934     0.922435     -1.90889
2.346    0.0056064     0.942436     -1.92606
 2.34   0.00568448     0.962871     -1.94337
2.334   0.00576361      0.98375     -1.96083
2.328   0.00584378      1.00508     -1.97843
2.322   0.00592502      1.02688     -1.99617
2.316   0.00600733      1.04915     -2.01406
 2.31   0.00609074       1.0719      -2.0321
2.304   0.00617525      1.09514     -2.05029
2.298   0.00626088       1.1189     -2.06864
2.292   0.00634765      1.14316     -2.08713
2.286   0.00643556      1.16796     -2.10578
 2.28   0.00652464      1.19329     -2.12457
2.274    0.0066149      1.21917     -2.14353
2.268   0.00670635      1.24562     -2.16263
2.262   0.00679901      1.27264      -2.1819
2.256   0.00689289      1.30024     -2.20131
 2.25   0.00698801      1.32845     -2.22089
2.244   0.00708439      1.35727     -2.24062
2.238   0.00718204      1.38671     -2.26051
2.232   0.00728098       1.4168     -2.28057
2.226   0.00738123      1.44754     -2.30078
 2.22   0.00748279      1.47895     -2.32115
2.214    0.0075857      1.51104     -2.34169
2.208   0.00768996      1.54383      -2.3624
2.202   0.00779559      1.57733     -2.38327
2.196   0.00790261      1.61156      -2.4043
 2.19   0.00801104      1.64653     -2.42551
2.184    0.0081209      1.68226     -2.44689
2.178    0.0082322      1.71877     -2.46844
2.172   0.00834497      1.75608     -2.49016
2.166   0.00845922       1.7942     -2.51207
 2.16   0.00857497      1.83314     -2.53415
2.154   0.00869224      1.87294     -2.55641
2.148   0.00881105       1.9136     -2.57886
2.142   0.00893142      1.95514     -2.60148
2.136   0.00905337      1.99759      -2.6243
 2.13   0.00917692      2.04096     -2.64729
2.124    0.0093021      2.08527     -2.67048
2.118   0.00942891      2.13055     -2.69385
2.112   0.00955739      2.17682      -2.7174
2.106   0.00968756      2.22409     -2.74115
  2.1   0.00981943      2.27239     -2.76508
2.094   0.00995303      2.32175     -2.78921
2.088    0.0100884      2.37218     -2.81353
2.082    0.0102255      2.42371     -2.83804
2.076    0.0103644      2.47636     -2.86275
 2.07    0.0105052      2.53015     -2.88766
2.064    0.0106478      2.58512     -2.91276
2.058    0.0107922      2.64129     -2.93806
2.052    0.0109386      2.69868     -2.96356
2.046    0.0110869      2.75732     -2.98927
 2.04    0.0112371      2.81724     -3.01518
2.034    0.0113893      2.87846      -3.0413
2.028    0.0115435      2.94102     -3.06762
2.022    0.0116997      3.00495     -3.09416
2.016    0.0118579      3.07027     -3.12091
 2.01    0.0120182      3.13701     -3.14788
2.004    0.0121807      3.20521     -3.17507
1.998    0.0123453       3.2749     -3.20248
1.992     0.012512      3.34611     -3.23011
1.986    0.0126809      3.41887     -3.25797
 1.98    0.0128521      3.49322     -3.28606
1.974    0.0130255      3.56919     -3.31437
1.968    0.0132011      3.64682     -3.34292
1.962    0.0133791      3.72614     -3.37169
1.956    0.0135595       3.8072      -3.4007
 1.95    0.0137422      3.89003     -3.42994
1.944    0.0139273      3.97467     -3.45942
1.938    0.0141149      4.06115     -3.48913
1.932    0.0143049      4.14953     -3.51909
1.926    0.0144975      4.23983     -3.54928
 1.92    0.0146926      4.33212     -3.57972
1.914    0.0148903      4.42641     -3.61041
1.908    0.0150906      4.52277     -3.64134
1.902    0.0152936      4.62124     -3.67252
1.896    0.0154992      4.72186     -3.70396
 1.89    0.0157076      4.82468     -3.73565
1.884    0.0159188      4.92975     -3.76761
1.878    0.0161329      5.03712     -3.79982
1.872    0.0163497      5.14684      -3.8323
1.866    0.0165695      5.25896     -3.86505
 1.86    0.0167923      5.37353     -3.89808
1.854     0.017018      5.49061     -3.93138
1.848    0.0172468      5.61026     -3.96496
1.842    0.0174786      5.73253     -3.99884
1.836    0.0177136      5.85747       -4.033
 1.83    0.0179518      5.98516     -4.06745
1.824    0.0181932      6.11564      -4.1022
1.818    0.0184379      6.24899     -4.13724
1.812     0.018686      6.38525     -4.17259
1.806    0.0189374      6.52451     -4.20825
  1.8    0.0191924      6.66682     -4.24421
1.794    0.0194508      6.81225     -4.28048
1.788    0.0197128      6.96087     -4.31706
1.782    0.0199784      7.11275     -4.35397
1.776    0.0202477      7.26797      -4.3912
 1.77    0.0205208       7.4266     -4.42875
1.764    0.0207977      7.58871     -4.46664
1.758    0.0210786      7.75438     -4.50486
1.752    0.0213633      7.92369     -4.54343
1.746    0.0216522      8.09672     -4.58234
 1.74    0.0219451      8.27356     -4.62161
1.734    0.0222423      8.45428     -4.66124
1.728    0.0225437      8.63898     -4.70123
1.722    0.0228495      8.82774     -4.74159
1.716    0.0231597      9.02066     -4.78234
 1.71    0.0234744      9.21782     -4.82347
1.704    0.0237938      9.41932       -4.865
1.698    0.0241179      9.62526     -4.90693
1.692    0.0244468      9.83573     -4.94927
1.686    0.0247807      10.0508     -4.99204
 1.68    0.0251195      10.2707     -5.03524
1.674    0.0254635      10.4954     -5.07887
1.668    0.0258127       10.725     -5.12295
1.662    0.0261673      10.9598     -5.16749
1.656    0.0265274      11.1997     -5.21248
 1.65    0.0268931      11.4448     -5.25794
1.644    0.0272645      11.6954     -5.30389
1.638    0.0276418      11.9516     -5.35032
1.632    0.0280251      12.2134     -5.39725
1.626    0.0284145      12.4809     -5.44469
 1.62    0.0288103      12.7544     -5.49265
1.614    0.0292125       13.034     -5.54115
1.608    0.0296213      13.3197     -5.59019
1.602     0.030037      13.6117     -5.63979
1.596    0.0304596      13.9102     -5.68996
 1.59    0.0308893      14.2153     -5.74072
1.584    0.0313265      14.5272     -5.79208
1.578    0.0317711       14.846     -5.84407
1.572    0.0322235      15.1718     -5.89668
1.566    0.0326839      15.5049     -5.94996
 1.56    0.0331524      15.8453      -6.0039
1.554    0.0336294      16.1933     -6.05854
1.548     0.034115      16.5491      -6.1139
1.542    0.0346096      16.9127     -6.16999
1.536    0.0351133      17.2844     -6.22684
 1.53    0.0356265      17.6643     -6.28448
1.524    0.0361494      18.0527     -6.34291
1.518    0.0366823      18.4498     -6.40216
1.512    0.0372256      18.8556     -6.46226
1.506    0.0377795      19.2705     -6.52322
  1.5    0.0383444      19.6946     -6.58508
1.494    0.0389207      20.1282     -6.64786
1.488    0.0395087      20.5714     -6.71159
1.482    0.0401088      21.0246      -6.7763
1.476    0.0407214      21.4878     -6.84201
 1.47    0.0413469      21.9613     -6.90876
1.464    0.0419857      22.4454     -6.97659
1.458    0.0426383      22.9404     -7.04552
1.452    0.0433052      23.4463      -7.1156
1.446    0.0439868      23.9636     -7.18686
 1.44    0.0446837      24.4925     -7.25936
1.434    0.0453964      25.0332     -7.33312
1.428    0.0461254       25.586      -7.4082
1.422    0.0468713      26.1511     -7.48464
1.416    0.0476348      26.7289      -7.5625
 1.41    0.0484165      27.3197     -7.64183
1.404    0.0492169      27.9237     -7.72269
1.398    0.0500369      28.5413     -7.80511
1.392    0.0508771      29.1728     -7.88916
1.386    0.0517382      29.8184     -7.97489
 1.38    0.0526211      30.4785     -8.06235
1.374    0.0535266      31.1535     -8.15161
1.368    0.0544555      31.8437     -8.24271
1.362    0.0554086      32.5494     -8.33574
1.356    0.0563869      33.2709     -8.43075
 1.35    0.0573914      34.0088     -8.52781
1.344     0.058423      34.7633     -8.62701
1.338    0.0594829      35.5348     -8.72841
1.332     0.060572      36.3237      -8.8321
1.326    0.0616915      37.1305     -8.93816
 1.32    0.0628426      37.9555     -9.04669
1.314    0.0640265      38.7992     -9.15777
1.308    0.0652445      39.6619     -9.27152
1.302    0.0664979      40.5442     -9.38804
1.296    0.0677882      41.4465     -9.50744
 1.29    0.0691166      42.3693     -9.62983
1.284    0.0704849       43.313     -9.75535
1.278    0.0718944      44.2781     -9.88411
1.272    0.0733469      45.2652     -10.0162
1.266     0.074844      46.2747     -10.1519
 1.26    0.0763875      47.3072     -10.2912
1.254    0.0779793      48.3632     -10.4344
1.248    0.0796212      49.4433     -10.5816
1.242    0.0813153       50.548      -10.733
1.236    0.0830636      51.6779     -10.8888
 1.23    0.0848682      52.8337     -11.0492
1.224    0.0867314      54.0159     -11.2145
1.218    0.0886556      55.2251     -11.3848
1.212     0.090643       56.462     -11.5606
1.206    0.0926964      57.7273      -11.742
  1.2    0.0948182      59.0216     -11.9295
1.194    0.0970112      60.3457     -12.1232
1.188    0.0992781      61.7001     -12.3235
1.182     0.101622      63.0857     -12.5306
1.176     0.104046      64.5033     -12.7447
 1.17     0.106553      65.9534     -12.9662
1.164     0.109146      67.4371     -13.1953
1.158      0.11183      68.9549     -13.4323
1.152     0.114606      70.5079     -13.6776
1.146      0.11748      72.0968     -13.9315
 1.14     0.120454      73.7224     -14.1943
1.134     0.123533      75.3858     -14.4663
1.128     0.126721      77.0877     -14.7479
1.122     0.130022      78.8292     -15.0396
1.116     0.133441      80.6111     -15.3416
 1.11     0.136982      82.4345     -15.6544
1.104     0.140649      84.3004     -15.9784
1.098     0.144448      86.2099      -16.314
1.092     0.148385      88.1639     -16.6618
1.086     0.152463      90.1636      -17.022
 1.08     0.156688      92.2101     -17.3953
1.074     0.161067      94.3045     -17.7822
1.068     0.165605      96.4481     -18.1831
1.062     0.170307      98.6421     -18.5985
1.056     0.175182      100.888     -19.0291
 1.05     0.180234      103.186     -19.4754
1.044      0.18547      105.539      -19.938
1.038     0.190898      107.947     -20.4176
1.032     0.196525      110.412     -20.9146
1.026     0.202357      112.935     -21.4299
 1.02     0.208404      115.518     -21.9641
1.014     0.214672      118.163     -22.5179
1.008      0.22117       120.87     -23.0919
1.002     0.227907      123.642     -23.6871
0.996     0.234891       126.48      -24.304
 0.99     0.242131      129.386     -24.9437
0.984     0.249637      132.361     -25.6068
0.978     0.257418      135.407     -26.2942
0.972     0.265485      138.527     -27.0068
0.966     0.273847      141.721     -27.7456
 0.96     0.282516      144.992     -28.5115
0.954     0.291503      148.342     -29.3054
0.948     0.300818      151.773     -30.1284
0.942     0.310475      155.287     -30.9815
0.936     0.320484      158.886     -31.8657
 0.93     0.330859      162.572     -32.7823
0.924     0.341613      166.347     -33.7323
0.918     0.352759      170.215      -34.717
0.912      0.36431      174.177     -35.7375
0.906     0.376282      178.236     -36.7952
  0.9     0.388689      182.394     -37.8913
0.894     0.401547      186.655     -39.0272
0.888     0.414871      191.019     -40.2043
0.882     0.428678      195.492      -41.424
0.876     0.442984      200.075     -42.6879
 0.87     0.457808      204.771     -43.9975
0.864     0.473167      209.583     -45.3543
0.858      0.48908      214.515     -46.7602
0.852     0.505566       219.57     -48.2166
0.846     0.522646      224.751     -49.7255
 0.84      0.54034      230.061     -51.2887
0.834      0.55867      235.505      -52.908
0.828     0.577657      241.085     -54.5855
0.822     0.597326      246.805     -56.3231
0.816       0.6177       252.67      -58.123
 0.81     0.638803      258.684     -59.9873
0.804     0.660662       264.85     -61.9184
0.798     0.683303      271.172     -63.9186
0.792     0.706754      277.656     -65.9904
0.786     0.731043      284.305     -68.1362
 0.78     0.756201      291.125     -70.3587
0.774     0.782258      298.121     -72.6607
0.768     0.809247      305.296      -75.045
0.762     0.837202      312.657     -77.5146
0.756     0.866156      320.209     -80.0726
 0.75     0.896148      327.957     -82.7222
0.744     0.927214      335.907     -85.4667
0.738     0.959395      344.065     -88.3097
0.732     0.992732      352.437     -91.2548
0.726      1.02727      361.029     -94.3058
 0.72      1.06305      369.849     -97.4666
0.714      1.10012      378.902     -100.742
0.708      1.13853      388.195     -104.135
0.702      1.17833      397.737     -107.651
0.696      1.21958      407.534     -111.295
 0.69      1.26232      417.594     -115.072
0.684      1.30663      427.925     -118.986
0.678      1.35257      438.537     -123.044
0.672      1.40019      449.436     -127.251
0.666      1.44957      460.632     -131.613
 0.66      1.50077      472.136     -136.137
0.654      1.55388      483.955     -140.829
0.648      1.60897        496.1     -145.696
0.642      1.66612      508.583     -150.745
0.636      1.72543      521.412     -155.984
 0.63      1.78697      534.601     -161.421
0.624      1.85086       548.16     -167.066
0.618      1.91719      562.101     -172.925
0.612      1.98607      576.437      -179.01
0.606       2.0576      591.182      -185.33
  0.6      2.13192      606.348     -191.895
0.594      2.20913      621.951     -198.716
0.588      2.28938      638.004     -205.806
0.582      2.37279      654.524     -213.175
0.576      2.45952      671.526     -220.837
 0.57      2.54971      689.027     -228.804
0.564      2.64353      707.045     -237.093
0.558      2.74113      725.597     -245.716
0.552      2.84271      744.704     -254.689
0.546      2.94843      764.384     -264.029
 0.54      3.05851      784.658     -273.754
0.534      3.17313      805.548      -283.88
0.528      3.29251      827.078     -294.426
0.522      3.41687      849.269     -305.413
0.516      3.54645      872.148     -316.861
 0.51      3.68149       895.74     -328.791
0.504      3.82224      920.073     -341.225
0.498      3.96897      945.174     -354.188
0.492      4.12195      971.075     -367.703
0.486      4.28147      997.806     -381.795
 0.48      4.44781       1025.4     -396.491
0.474       4.6213      1053.89     -411.817
0.468      4.80224      1083.32     -427.802
0.462      4.99095      1113.72     -444.474
0.456      5.18777      1145.13     -461.862
 0.45      5.39305       1177.6     -479.997
0.444      5.60712      1211.17     -498.909
0.438      5.83035      1245.88     -518.629
0.432      6.06307       1281.8     -539.189
0.426      6.30566      1318.96     -560.621
 0.42      6.55847      1357.43     -582.955
0.414      6.82185      1397.27     -606.222
0.408      7.09614      1438.53     -630.454
0.402      7.38168      1481.28      -655.68
0.396      7.67879       1525.6     -681.928
 0.39      7.98777      1571.55     -709.224
0.384      8.30888      1619.22     -737.593
0.378      8.64238      1668.69     -767.056
0.372      8.98847      1720.05     -797.631
0.366       9.3473      1773.39     -829.331
 0.36      9.71898      1828.82     -862.167
0.354      10.1035      1886.45     -896.141
0.348       10.501      1946.38     -931.249
0.342      10.9111      2008.75     -967.482
0.336      11.3337      2073.68     -1004.82
 0.33      11.7685      2141.33     -1043.23
0.324      12.2149      2211.83     -1082.67
0.318      12.6725      2285.36     -1123.09
0.312      13.1403      2362.09     -1164.42
0.306      13.6175      2442.22     -1206.58
  0.3      14.1029      2525.95     -1249.46
0.294      14.5951       2613.5     -1292.94
0.288      15.0926      2705.11     -1336.89
0.282      15.5934      2801.04     -1381.14
0.276      16.0955      2901.59     -1425.49
 0.27      16.5964      3007.05     -1469.74
0.264      17.0933      3117.77     -1513.65
0.258      17.5834      3234.12     -1556.94
0.252       18.063      3356.49     -1599.31
0.246      18.5286      3485.34     -1640.44
 0.24       18.976      3621.14     -1679.97
0.234      19.4007      3764.45     -1717.49
0.228      19.7981      3915.84      -1752.6
0.222      20.1631      4075.99     -1784.84
0.216      20.4902      4245.61     -1813.74
 0.21      20.7738      4425.53      -1838.8
0.204      21.0082      4616.65      -1859.5
0.198      21.1874         4820     -1875.33
0.192      21.3053      5036.72     -1885.75
0.186      21.3561       5268.1     -1890.23
 0.18      21.3339      5515.63     -1888.27
0.174      21.2333      5780.96     -1879.39
0.168      21.0494         6066     -1863.14
0.162      20.7777      6372.95     -1839.14
0.156      20.4147      6704.33     -1807.07
 0.15      19.9578      7063.08     -1766.71
0.144      19.4058      7452.61     -1717.94
0.138      18.7586      7876.95     -1660.77
0.132      18.0179      8340.83     -1595.33
0.126       17.187      8849.91     -1521.92
 0.12      16.2708      9410.96     -1440.98
0.114      15.2763      10032.2     -1353.12
0.108       14.212      10723.6      -1259.1
0.102      13.0881      11497.7      -1159.8
0.096      11.9159      12369.8     -1056.25
 0.09       10.708      13359.5     -949.537
0.084      9.47711      14492.2     -840.799
0.078      8.23648      15800.8     -731.197
0.072      6.99931      17329.1       -621.9
0.066      5.77944      19137.3     -514.132
 0.06      4.59311      21309.1     -409.327
0.054      3.46291      23965.8      -309.48
0.048      2.42568      27289.2     -217.848
0.042      1.54707        31565     -140.227
0.036     0.946998      37269.4     -87.2145
 0.03     0.843336      45259.6     -78.0565
0.024      1.62492      57249.8     -147.105
0.018       3.9725      77239.8       -354.5
0.012      9.05728       117230      -803.71
0.006      18.8656       237218     -1670.22
