0.1 -0.114747
0.2 -0.158651
0.3 -0.194595
0.4 -0.224906
0.5 -0.250503
0.6 -0.27302
0.7 -0.292396
0.8 -0.311316
0.9 -0.326989
1 -0.340701
1 -0.340701
1.1 -0.354184
1.2 -0.365692
1.3 -0.377092
1.4 -0.386396
1.5 -0.395622
1.6 -0.40261
1.7 -0.411802
1.8 -0.418729
1.9 -0.425657
2 -0.432614
2.1 -0.437138
2.2 -0.444172
2.3 -0.448727
2.4 -0.453302
2.5 -0.457911
2.6 -0.462561
2.7 -0.467261
2.8 -0.469317
2.9 -0.474106
3 -0.476217
3.1 -0.481113
3.2 -0.483297
3.3 -0.488309
3.4 -0.490577
3.5 -0.492883
3.6 -0.495228
3.7 -0.497614
3.8 -0.500042
3.9 -0.502511
0.05 -0.0887431
0.05 -0.0887431
0.06 -0.094187
0.07 -0.099597
0.08 -0.104815
0.09 -0.109807
0.1 -0.114747
0.01 nan
0.02 nan
0.03 -0.0772988
0.04 -0.083134
