#	T	rho	calc	hoef:
   0.300    0.900   -4.28367589   -4.16824470
   0.300    0.901   -4.27215499   -4.15765970
   0.300    0.902   -4.26045203   -4.14687595
   0.300    0.903   -4.24856323   -4.13589243
   0.300    0.904   -4.23645907   -4.12470811
   0.300    0.905   -4.22416811   -4.11332196
   0.300    0.906   -4.21166541   -4.10173293
   0.300    0.907   -4.19897574   -4.08993998
   0.300    0.908   -4.18609855   -4.07794208
   0.300    0.909   -4.17299451   -4.06573818
   0.300    0.910   -4.15971278   -4.05332722
   0.300    0.911   -4.14623029   -4.04070818
   0.300    0.912   -4.13250427   -4.02787998
   0.300    0.913   -4.11859145   -4.01484158
   0.300    0.914   -4.10447931   -4.00159192
   0.300    0.915   -4.09015717   -3.98812994
   0.300    0.916   -4.07563172   -3.97445457
   0.300    0.917   -4.06086606   -3.96056476
   0.300    0.918   -4.04590558   -3.94645943
   0.300    0.919   -4.03074801   -3.93213752
   0.300    0.920   -4.01534916   -3.91759796
   0.300    0.921   -3.99974484   -3.90283966
   0.300    0.922   -3.98392631   -3.88786155
   0.300    0.923   -3.96789666   -3.87266256
   0.300    0.924   -3.95165933   -3.85724160
   0.300    0.925   -3.93517745   -3.84159758
   0.300    0.926   -3.91847757   -3.82572942
   0.300    0.927   -3.90157654   -3.80963603
   0.300    0.928   -3.88444376   -3.79331631
   0.300    0.929   -3.86708932   -3.77676917
   0.300    0.930   -3.84950287   -3.75999352
   0.300    0.931   -3.83169037   -3.74298825
   0.300    0.932   -3.81365681   -3.72575226
   0.300    0.933   -3.79536538   -3.70828445
   0.300    0.934   -3.77686008   -3.69058370
   0.300    0.935   -3.75814492   -3.67264891
   0.300    0.936   -3.73916360   -3.65447897
   0.300    0.937   -3.71995528   -3.63607276
   0.300    0.938   -3.70051811   -3.61742915
   0.300    0.939   -3.68084571   -3.59854704
   0.300    0.940   -3.66094957   -3.57942530
   0.300    0.941   -3.64077832   -3.56006280
   0.300    0.942   -3.62037802   -3.54045842
   0.300    0.943   -3.59976735   -3.52061101
   0.300    0.944   -3.57889558   -3.50051946
   0.300    0.945   -3.55779205   -3.48018263
   0.300    0.946   -3.53644417   -3.45959937
   0.300    0.947   -3.51481193   -3.43876855
   0.300    0.948   -3.49295532   -3.41768901
   0.300    0.949   -3.47086400   -3.39635963
   0.300    0.950   -3.44848984   -3.37477924
   0.300    0.951   -3.42588434   -3.35294670
   0.300    0.952   -3.40302065   -3.33086085
   0.300    0.953   -3.37989920   -3.30852053
   0.300    0.954   -3.35654242   -3.28592460
   0.300    0.955   -3.33289948   -3.26307187
   0.300    0.956   -3.30901671   -3.23996120
   0.300    0.957   -3.28490099   -3.21659142
   0.300    0.958   -3.26049647   -3.19296134
   0.300    0.959   -3.23584437   -3.16906981
   0.300    0.960   -3.21094773   -3.14491565
   0.300    0.961   -3.18575548   -3.12049768
   0.300    0.962   -3.16029942   -3.09581472
   0.300    0.963   -3.13458845   -3.07086558
   0.300    0.964   -3.10859138   -3.04564910
   0.300    0.965   -3.08235122   -3.02016406
   0.300    0.966   -3.05586223   -2.99440930
   0.300    0.967   -3.02906148   -2.96838360
   0.300    0.968   -3.00200123   -2.94208579
   0.300    0.969   -2.97468835   -2.91551465
   0.300    0.970   -2.94707048   -2.88866899
   0.300    0.971   -2.91920504   -2.86154761
   0.300    0.972   -2.89107197   -2.83414930
   0.300    0.973   -2.86261712   -2.80647284
   0.300    0.974   -2.83391393   -2.77851704
   0.300    0.975   -2.80493817   -2.75028067
   0.300    0.976   -2.77568377   -2.72176253
   0.300    0.977   -2.74615387   -2.69296138
   0.300    0.978   -2.71628959   -2.66387601
   0.300    0.979   -2.68617039   -2.63450520
   0.300    0.980   -2.65580340   -2.60484771
   0.300    0.981   -2.62510674   -2.57490232
   0.300    0.982   -2.59413737   -2.54466779
   0.300    0.983   -2.56290499   -2.51414290
   0.300    0.984   -2.53133492   -2.48332640
   0.300    0.985   -2.49949361   -2.45221705
   0.300    0.986   -2.46737965   -2.42081361
   0.300    0.987   -2.43491371   -2.38911483
   0.300    0.988   -2.40217812   -2.35711947
   0.300    0.989   -2.36918319   -2.32482628
   0.300    0.990   -2.33584159   -2.29223400
   0.300    0.991   -2.30222639   -2.25934137
   0.300    0.992   -2.26834304   -2.22614714
   0.300    0.993   -2.23410258   -2.19265004
   0.300    0.994   -2.19959156   -2.15884882
   0.300    0.995   -2.16479452   -2.12474220
   0.300    0.996   -2.12964541   -2.09032891
   0.300    0.997   -2.09416935   -2.05560769
   0.300    0.998   -2.05841716   -2.02057725
   0.300    0.999   -2.02238195   -1.98523633
   0.300    1.000   -1.98599347   -1.94958363
   0.300    1.001   -1.94932112   -1.91361788
   0.300    1.002   -1.91236101   -1.87733779
   0.300    1.003   -1.87503285   -1.84074208
   0.300    1.004   -1.83740504   -1.80382945
   0.300    1.005   -1.79948304   -1.76659861
   0.300    1.006   -1.76119016   -1.72904825
   0.300    1.007   -1.72261012   -1.69117710
   0.300    1.008   -1.68373635   -1.65298383
   0.300    1.009   -1.64447854   -1.61446715
   0.300    1.010   -1.60493339   -1.57562575
   0.300    1.011   -1.56509772   -1.53645833
   0.300    1.012   -1.52487767   -1.49696356
   0.300    1.013   -1.48435580   -1.45714013
   0.300    1.014   -1.44352583   -1.41698673
   0.300    1.015   -1.40231052   -1.37650203
   0.300    1.016   -1.36079910   -1.33568471
   0.300    1.017   -1.31897665   -1.29453345
   0.300    1.018   -1.27678266   -1.25304691
   0.300    1.019   -1.23422853   -1.21122377
   0.300    1.020   -1.19137640   -1.16906268
   0.300    1.021   -1.14822057   -1.12656233
   0.300    1.022   -1.10466184   -1.08372135
   0.300    1.023   -1.06078520   -1.04053842
   0.300    1.024   -1.01660269   -0.99701218
   0.300    1.025   -0.97202221   -0.95314129
   0.300    1.026   -0.92712156   -0.90892440
   0.300    1.027   -0.88189474   -0.86436016
   0.300    1.028   -0.83625180   -0.81944720
   0.300    1.029   -0.79030261   -0.77418417
   0.300    1.030   -0.74404491   -0.72856971
   0.300    1.031   -0.69739456   -0.68260246
   0.300    1.032   -0.65035595   -0.63628104
   0.300    1.033   -0.60300190   -0.58960409
   0.300    1.034   -0.55532812   -0.54257024
   0.300    1.035   -0.50723165   -0.49517810
   0.300    1.036   -0.45879987   -0.44742631
   0.300    1.037   -0.41003412   -0.39931348
   0.300    1.038   -0.36084512   -0.35083823
   0.300    1.039   -0.31132966   -0.30199917
   0.300    1.040   -0.26148092   -0.25279491
   0.300    1.041   -0.21122929   -0.20322406
   0.300    1.042   -0.16058110   -0.15328523
   0.300    1.043   -0.10960516   -0.10297702
   0.300    1.044   -0.05828758   -0.05229802
   0.300    1.045   -0.00652597   -0.00124685
   0.300    1.046    0.04557199    0.05017792
   0.300    1.047    0.09801324    0.10197768
   0.300    1.048    0.15090659    0.15415386
   0.300    1.049    0.20413884    0.20670785
   0.300    1.050    0.25770953    0.25964108
   0.300    1.051    0.31169837    0.31295498
   0.300    1.052    0.36610879    0.36665095
   0.300    1.053    0.42086213    0.42073043
   0.300    1.054    0.47596012    0.47519484
   0.300    1.055    0.53152340    0.53004562
   0.300    1.056    0.58744061    0.58528419
   0.300    1.057    0.64370957    0.64091200
   0.300    1.058    0.70040423    0.69693048
   0.300    1.059    0.75752993    0.75334108
   0.300    1.060    0.81501223    0.81014523
   0.300    1.061    0.87284935    0.86734439
   0.300    1.062    0.93115906    0.92494001
   0.300    1.063    0.98982622    0.98293354
   0.300    1.064    1.04885598    1.04132643
   0.300    1.065    1.10832819    1.10012015
   0.300    1.066    1.16824085    1.15931615
   0.300    1.067    1.22851611    1.21891590
   0.300    1.068    1.28915710    1.27892086
   0.300    1.069    1.35028766    1.33933252
   0.300    1.070    1.41178132    1.40015233
   0.300    1.071    1.47364144    1.46138177
   0.300    1.072    1.53595715    1.52302233
   0.300    1.073    1.59872708    1.58507548
   0.300    1.074    1.66186722    1.64754271
   0.300    1.075    1.72538053    1.71042551
   0.300    1.076    1.78935557    1.77372535
   0.300    1.077    1.85378954    1.83744375
   0.300    1.078    1.91859759    1.90158218
   0.300    1.079    1.98378323    1.96614216
   0.300    1.080    2.04948032    2.03112517
   0.300    1.081    2.11555429    2.09653273
   0.300    1.082    2.18200840    2.16236634
   0.300    1.083    2.24893667    2.22862751
   0.300    1.084    2.31633672    2.29531776
   0.300    1.085    2.38411757    2.36243859
   0.300    1.086    2.45228529    2.42999153
   0.300    1.087    2.52093694    2.49797809
   0.300    1.088    2.59006707    2.56639980
   0.300    1.089    2.65958469    2.63525819
   0.300    1.090    2.72948698    2.70455479
   0.300    1.091    2.79991874    2.77429112
   0.300    1.092    2.87074288    2.84446873
   0.300    1.093    2.94196353    2.91508915
   0.300    1.094    3.01367797    2.98615392
   0.300    1.095    3.08588140    3.05766459
   0.300    1.096    3.15847304    3.12962270
   0.300    1.097    3.23146220    3.20202980
   0.300    1.098    3.30495319    3.27488745
   0.300    1.099    3.37894297    3.34819720
   0.300    1.100    3.45333680    3.42196060
   0.300    1.101    3.52812616    3.49617922
   0.300    1.102    3.60341772    3.57085463
   0.300    1.103    3.67921306    3.64598838
   0.300    1.104    3.75541381    3.72158206
   0.300    1.105    3.83203473    3.79763722
   0.300    1.106    3.90922624    3.87415545
   0.300    1.107    3.98681300    3.95113833
   0.300    1.108    4.06479768    4.02858743
   0.300    1.109    4.14328033    4.10650434
   0.300    1.110    4.22228105    4.18489065
   0.300    1.111    4.30171023    4.26374795
   0.300    1.112    4.38155156    4.34307782
   0.300    1.113    4.46192311    4.42288188
   0.300    1.114    4.54282422    4.50316170
   0.300    1.115    4.62413812    4.58391890
   0.300    1.116    4.70587674    4.66515508
   0.300    1.117    4.78816863    4.74687185
   0.300    1.118    4.87099303    4.82907081
   0.300    1.119    4.95421857    4.91175359
   0.300    1.120    5.03785312    4.99492179
   0.300    1.121    5.12201516    5.07857703
   0.300    1.122    5.20671275    5.16272095
   0.300    1.123    5.29186336    5.24735515
   0.300    1.124    5.37744848    5.33248128
   0.300    1.125    5.46358475    5.41810095
   0.300    1.126    5.55027792    5.50421581
   0.300    1.127    5.63739740    5.59082749
   0.300    1.128    5.72495522    5.67793763
   0.300    1.129    5.81307978    5.76554787
   0.300    1.130    5.90177135    5.85365986
   0.300    1.131    5.99089997    5.94227525
   0.300    1.132    6.08046582    6.03139568
   0.300    1.133    6.17061199    6.12102281
   0.300    1.134    6.26131318    6.21115830
   0.300    1.135    6.35247211    6.30180381
   0.300    1.136    6.44407942    6.39296100
   0.300    1.137    6.53627012    6.48463154
   0.300    1.138    6.62897330    6.57681709
   0.300    1.139    6.72222601    6.66951933
   0.300    1.140    6.81595084    6.76273994
   0.300    1.141    6.91015498    6.85648058
   0.300    1.142    7.00497119    6.95074294
   0.300    1.143    7.10039727    7.04552871
   0.300    1.144    7.19628884    7.14083957
   0.300    1.145    7.29262341    7.23667721
   0.300    1.146    7.38955777    7.33304332
   0.300    1.147    7.48709796    7.42993960
   0.300    1.148    7.58510492    7.52736775
   0.300    1.149    7.68358190    7.62532947
   0.300    1.150    7.78265344    7.72382646
   0.300    1.151    7.88233716    7.82286043
   0.300    1.152    7.98252635    7.92243310
   0.300    1.153    8.08321350    8.02254616
   0.300    1.154    8.18452456    8.12320135
   0.300    1.155    8.28644292    8.22440038
   0.300    1.156    8.38883300    8.32614497
   0.300    1.157    8.49170488    8.42843685
   0.300    1.158    8.59521871    8.53127774
   0.300    1.159    8.69929316    8.63466938
   0.300    1.160    8.80399435    8.73861351
   0.300    1.161    8.90918266    8.84311185
   0.300    1.162    9.01486122    8.94816615
   0.300    1.163    9.12118574    9.05377815
   0.300    1.164    9.22815196    9.15994961
   0.300    1.165    9.33561200    9.26668226
   0.300    1.166    9.44355421    9.37397786
   0.300    1.167    9.55215143    9.48183817
   0.300    1.168    9.66133166    9.59026494
   0.300    1.169    9.77115667    9.69925994
   0.300    1.170    9.88148169    9.80882493
   0.300    1.171    9.99230426    9.91896167
   0.300    1.172    10.10378725    10.02967194
   0.300    1.173    10.21592432    10.14095752
   0.300    1.174    10.32856742    10.25282017
   0.300    1.175    10.44171576    10.36526168
   0.300    1.176    10.55553127    10.47828383
   0.300    1.177    10.66993270    10.59188840
   0.300    1.178    10.78500115    10.70607719
   0.300    1.179    10.90058827    10.82085198
   0.300    1.180    11.01668153    10.93621457
   0.300    1.181    11.13345062    11.05216677
   0.300    1.182    11.25089730    11.16871035
   0.300    1.183    11.36886470    11.28584715
   0.300    1.184    11.48734072    11.40357895
   0.300    1.185    11.60650642    11.52190757
   0.300    1.186    11.72627988    11.64083482
   0.300    1.187    11.84673046    11.76036252
   0.300    1.188    11.96771190    11.88049248
   0.300    1.189    12.08921993    12.00122654
   0.300    1.190    12.21142249    12.12256650
   0.300    1.191    12.33431860    12.24451421
   0.300    1.192    12.45774966    12.36707150
   0.300    1.193    12.58170694    12.49024019
   0.300    1.194    12.70636974    12.61402212
   0.300    1.195    12.83165322    12.73841914
   0.300    1.196    12.95764424    12.86343309
   0.300    1.197    13.08417322    12.98906582
   0.300    1.198    13.21123690    13.11531917
   0.300    1.199    13.33902111    13.24219500
   0.300    1.200    13.46743274    13.36969516
   0.300    1.201    13.59655868    13.49782151
   0.300    1.202    13.72623511    13.62657592
   0.300    1.203    13.85645153    13.75596024
   0.300    1.204    13.98739809    13.88597635
   0.300    1.205    14.11898777    14.01662613
   0.300    1.206    14.25129833    14.14791143
   0.300    1.207    14.38415976    14.27983414
   0.300    1.208    14.51757289    14.41239615
   0.300    1.209    14.65173050    14.54559933
   0.300    1.210    14.78661765    14.67944556
   0.300    1.211    14.92206186    14.81393675
   0.300    1.212    15.05805083    14.94907479
   0.300    1.213    15.19479060    15.08486156
   0.300    1.214    15.33219967    15.22129897
   0.300    1.215    15.47035637    15.35838891
   0.300    1.216    15.60906391    15.49613331
   0.300    1.217    15.74831647    15.63453406
   0.300    1.218    15.88833836    15.77359307
   0.300    1.219    16.02903451    15.91331226
   0.300    1.220    16.17049255    16.05369355
   0.300    1.221    16.31253242    16.19473886
   0.300    1.222    16.45510749    16.33645011
   0.300    1.223    16.59842405    16.47882923
   0.300    1.224    16.74241713    16.62187815
   0.300    1.225    16.88718566    16.76559880
   0.300    1.226    17.03253936    16.90999312
   0.300    1.227    17.17846921    17.05506305
   0.300    1.228    17.32519559    17.20081053
   0.300    1.229    17.47261387    17.34723751
   0.300    1.230    17.62081957    17.49434593
   0.300    1.231    17.76960277    17.64213775
   0.300    1.232    17.91892271    17.79061492
   0.300    1.233    18.06901735    17.93977941
   0.300    1.234    18.21982144    18.08963317
   0.300    1.235    18.37132766    18.24017816
   0.300    1.236    18.52362947    18.39141636
   0.300    1.237    18.67654920    18.54334974
   0.300    1.238    18.83003743    18.69598027
   0.300    1.239    18.98434471    18.84930993
   0.300    1.240    19.13939438    19.00334069
   0.300    1.241    19.29523575    19.15807455
   0.300    1.242    19.45167334    19.31351348
   0.300    1.243    19.60874713    19.46965948
   0.300    1.244    19.76663687    19.62651454
   0.300    1.245    19.92521916    19.78408066
   0.300    1.246    20.08464722    19.94235984
   0.300    1.247    20.24470100    20.10135408
   0.300    1.248    20.40535725    20.26106538
   0.300    1.249    20.56685932    20.42149575
   0.300    1.250    20.72907662    20.58264721
   0.300    1.251    20.89214670    20.74452178
   0.300    1.252    21.05590104    20.90712146
   0.300    1.253    21.22030051    21.07044828
   0.300    1.254    21.38555278    21.23450427
   0.300    1.255    21.55154228    21.39929145
   0.300    1.256    21.71827220    21.56481185
   0.300    1.257    21.88584845    21.73106752
   0.300    1.258    22.05406955    21.89806048
   0.300    1.259    22.22291229    22.06579278
   0.300    1.260    22.39265285    22.23426646
   0.300    1.261    22.56319306    22.40348357
   0.300    1.262    22.73461659    22.57344616
   0.300    1.263    22.90669379    22.74415627
   0.300    1.264    23.07938901    22.91561598
   0.300    1.265    23.25297161    23.08782734
   0.300    1.266    23.42734178    23.26079241
   0.300    1.267    23.60250068    23.43451325
   0.300    1.268    23.77853274    23.60899195
   0.300    1.269    23.95522674    23.78423056
   0.300    1.270    24.13256985    23.96023117
   0.300    1.271    24.31082654    24.13699585
   0.300    1.272    24.48986960    24.31452670
   0.300    1.273    24.66980499    24.49282578
   0.300    1.274    24.85042228    24.67189520
   0.300    1.275    25.03169312    24.85173704
   0.300    1.276    25.21388201    25.03235340
   0.300    1.277    25.39686081    25.21374638
   0.300    1.278    25.58063086    25.39591808
   0.300    1.279    25.76530460    25.57887060
   0.300    1.280    25.95066311    25.76260606
   0.300    1.281    26.13667370    25.94712655
   0.300    1.282    26.32361713    26.13243421
   0.300    1.283    26.51136319    26.31853115
   0.300    1.284    26.70003699    26.50541948
   0.300    1.285    26.88941019    26.69310133
   0.300    1.286    27.07943948    26.88157884
   0.300    1.287    27.27042201    27.07085412
   0.300    1.288    27.46221656    27.26092932
   0.300    1.289    27.65481431    27.45180657
   0.300    1.290    27.84834846    27.64348802
   0.300    1.291    28.04258792    27.83597580
   0.300    1.292    28.23748607    28.02927206
   0.300    1.293    28.43335514    28.22337896
   0.300    1.294    28.63004641    28.41829864
   0.300    1.295    28.82756870    28.61403327
   0.300    1.296    29.02606497    28.81058501
   0.300    1.297    29.22527248    29.00795601
   0.300    1.298    29.42516816    29.20614845
   0.300    1.299    29.62605183    29.40516449
   0.600    0.900   -2.40541349   -1.84935309
   0.600    0.901   -2.39056663   -1.83747290
   0.600    0.902   -2.37549269   -1.82539126
   0.600    0.903   -2.36023387   -1.81310713
   0.600    0.904   -2.34480078   -1.80061944
   0.600    0.905   -2.32914703   -1.78792713
   0.600    0.906   -2.31330764   -1.77502915
   0.600    0.907   -2.29727463   -1.76192442
   0.600    0.908   -2.28105353   -1.74861189
   0.600    0.909   -2.26464662   -1.73509047
   0.600    0.910   -2.24800292   -1.72135911
   0.600    0.911   -2.23117261   -1.70741673
   0.600    0.912   -2.21414253   -1.69326224
   0.600    0.913   -2.19691472   -1.67889458
   0.600    0.914   -2.17949603   -1.66431266
   0.600    0.915   -2.16183488   -1.64951540
   0.600    0.916   -2.14398504   -1.63450171
   0.600    0.917   -2.12594028   -1.61927050
   0.600    0.918   -2.10766338   -1.60382069
   0.600    0.919   -2.08920073   -1.58815119
   0.600    0.920   -2.07051755   -1.57226088
   0.600    0.921   -2.05161489   -1.55614869
   0.600    0.922   -2.03251719   -1.53981351
   0.600    0.923   -2.01318005   -1.52325424
   0.600    0.924   -1.99364180   -1.50646977
   0.600    0.925   -1.97390281   -1.48945899
   0.600    0.926   -1.95392755   -1.47222080
   0.600    0.927   -1.93375068   -1.45475409
   0.600    0.928   -1.91333703   -1.43705774
   0.600    0.929   -1.89271446   -1.41913063
   0.600    0.930   -1.87190296   -1.40097166
   0.600    0.931   -1.85082218   -1.38257968
   0.600    0.932   -1.82953058   -1.36395359
   0.600    0.933   -1.80803494   -1.34509225
   0.600    0.934   -1.78627013   -1.32599454
   0.600    0.935   -1.76429120   -1.30665933
   0.600    0.936   -1.74208479   -1.28708548
   0.600    0.937   -1.71964500   -1.26727186
   0.600    0.938   -1.69700051   -1.24721733
   0.600    0.939   -1.67410245   -1.22692075
   0.600    0.940   -1.65097991   -1.20638098
   0.600    0.941   -1.62763116   -1.18559687
   0.600    0.942   -1.60401864   -1.16456727
   0.600    0.943   -1.58019543   -1.14329105
   0.600    0.944   -1.55612014   -1.12176703
   0.600    0.945   -1.53181005   -1.09999408
   0.600    0.946   -1.50728655   -1.07797102
   0.600    0.947   -1.48247014   -1.05569671
   0.600    0.948   -1.45743603   -1.03316998
   0.600    0.949   -1.43218143   -1.01038967
   0.600    0.950   -1.40664387   -0.98735460
   0.600    0.951   -1.38088112   -0.96406362
   0.600    0.952   -1.35488388   -0.94051555
   0.600    0.953   -1.32859235   -0.91670921
   0.600    0.954   -1.30207646   -0.89264344
   0.600    0.955   -1.27531175   -0.86831704
   0.600    0.956   -1.24829531   -0.84372885
   0.600    0.957   -1.22104844   -0.81887767
   0.600    0.958   -1.19350260   -0.79376233
   0.600    0.959   -1.16572738   -0.76838163
   0.600    0.960   -1.13770691   -0.74273438
   0.600    0.961   -1.10937411   -0.71681939
   0.600    0.962   -1.08081386   -0.69063546
   0.600    0.963   -1.05201341   -0.66418140
   0.600    0.964   -1.02290641   -0.63745601
   0.600    0.965   -0.99356801   -0.61045808
   0.600    0.966   -0.96399251   -0.58318641
   0.600    0.967   -0.93410240   -0.55563979
   0.600    0.968   -0.90395799   -0.52781702
   0.600    0.969   -0.87354493   -0.49971687
   0.600    0.970   -0.84286725   -0.47133813
   0.600    0.971   -0.81194573   -0.44267959
   0.600    0.972   -0.78069906   -0.41374003
   0.600    0.973   -0.74919897   -0.38451823
   0.600    0.974   -0.71745493   -0.35501295
   0.600    0.975   -0.68538918   -0.32522298
   0.600    0.976   -0.65307054   -0.29514709
   0.600    0.977   -0.62049669   -0.26478404
   0.600    0.978   -0.58759613   -0.23413259
   0.600    0.979   -0.55443580   -0.20319152
   0.600    0.980   -0.52101248   -0.17195958
   0.600    0.981   -0.48725772   -0.14043554
   0.600    0.982   -0.45325515   -0.10861814
   0.600    0.983   -0.41899884   -0.07650615
   0.600    0.984   -0.38440148   -0.04409830
   0.600    0.985   -0.34953856   -0.01139336
   0.600    0.986   -0.31441313    0.02160993
   0.600    0.987   -0.27894574    0.05491283
   0.600    0.988   -0.24320720    0.08851660
   0.600    0.989   -0.20717849    0.12242249
   0.600    0.990   -0.17085499    0.15663177
   0.600    0.991   -0.13425177    0.19114571
   0.600    0.992   -0.09729474    0.22596558
   0.600    0.993   -0.06007968    0.26109263
   0.600    0.994   -0.02259885    0.29652816
   0.600    0.995    0.01524131    0.33227343
   0.600    0.996    0.05334675    0.36832973
   0.600    0.997    0.09172221    0.40469832
   0.600    0.998    0.13046858    0.44138051
   0.600    0.999    0.16949485    0.47837756
   0.600    1.000    0.20878908    0.51569077
   0.600    1.001    0.24845147    0.55332143
   0.600    1.002    0.28841312    0.59127083
   0.600    1.003    0.32865610    0.62954027
   0.600    1.004    0.36926433    0.66813104
   0.600    1.005    0.41016161    0.70704444
   0.600    1.006    0.45133889    0.74628179
   0.600    1.007    0.49287509    0.78584437
   0.600    1.008    0.53469683    0.82573351
   0.600    1.009    0.57681645    0.86595050
   0.600    1.010    0.61931220    0.90649667
   0.600    1.011    0.66210032    0.94737332
   0.600    1.012    0.70519210    0.98858178
   0.600    1.013    0.74866675    1.03012336
   0.600    1.014    0.79242921    1.07199939
   0.600    1.015    0.83649480    1.11421119
   0.600    1.016    0.88095248    1.15676008
   0.600    1.017    0.92570281    1.19964740
   0.600    1.018    0.97075472    1.24287449
   0.600    1.019    1.01620182    1.28644267
   0.600    1.020    1.06194208    1.33035328
   0.600    1.021    1.10798259    1.37460766
   0.600    1.022    1.15443027    1.41920715
   0.600    1.023    1.20118503    1.46415310
   0.600    1.024    1.24824526    1.50944686
   0.600    1.025    1.29570762    1.55508977
   0.600    1.026    1.34347649    1.60108318
   0.600    1.027    1.39156107    1.64742846
   0.600    1.028    1.44006130    1.69412695
   0.600    1.029    1.48887701    1.74118003
   0.600    1.030    1.53800445    1.78858903
   0.600    1.031    1.58750629    1.83635535
   0.600    1.032    1.63738734    1.88448033
   0.600    1.033    1.68759199    1.93296535
   0.600    1.034    1.73811893    1.98181178
   0.600    1.035    1.78906479    2.03102100
   0.600    1.036    1.84032720    2.08059438
   0.600    1.037    1.89190862    2.13053330
   0.600    1.038    1.94391850    2.18083914
   0.600    1.039    1.99625959    2.23151329
   0.600    1.040    2.04893392    2.28255713
   0.600    1.041    2.10204098    2.33397206
   0.600    1.042    2.15546958    2.38575946
   0.600    1.043    2.20922573    2.43792074
   0.600    1.044    2.26342673    2.49045727
   0.600    1.045    2.31795725    2.54337048
   0.600    1.046    2.37282025    2.59666175
   0.600    1.047    2.42812806    2.65033249
   0.600    1.048    2.48376280    2.70438411
   0.600    1.049    2.53973649    2.75881801
   0.600    1.050    2.59616785    2.81363562
   0.600    1.051    2.65293455    2.86883834
   0.600    1.052    2.71003972    2.92442758
   0.600    1.053    2.76756693    2.98040478
   0.600    1.054    2.82551474    3.03677135
   0.600    1.055    2.88380695    3.09352871
   0.600    1.056    2.94244307    3.15067830
   0.600    1.057    3.00154218    3.20822154
   0.600    1.058    3.06098552    3.26615986
   0.600    1.059    3.12077939    3.32449469
   0.600    1.060    3.18104797    3.38322749
   0.600    1.061    3.24166074    3.44235967
   0.600    1.062    3.30262133    3.50189269
   0.600    1.063    3.36406128    3.56182799
   0.600    1.064    3.42585796    3.62216702
   0.600    1.065    3.48801238    3.68291123
   0.600    1.066    3.55060678    3.74406206
   0.600    1.067    3.61363928    3.80562098
   0.600    1.068    3.67703121    3.86758943
   0.600    1.069    3.74078562    3.92996889
   0.600    1.070    3.80503206    3.99276080
   0.600    1.071    3.86963469    4.05596664
   0.600    1.072    3.93459619    4.11958788
   0.600    1.073    4.00006179    4.18362598
   0.600    1.074    4.06589669    4.24808241
   0.600    1.075    4.13209741    4.31295865
   0.600    1.076    4.19875900    4.37825618
   0.600    1.077    4.26587435    4.44397648
   0.600    1.078    4.33335456    4.51012102
   0.600    1.079    4.40120743    4.57669130
   0.600    1.080    4.46957283    4.64368880
   0.600    1.081    4.53831329    4.71111501
   0.600    1.082    4.60743006    4.77897142
   0.600    1.083    4.67706481    4.84725953
   0.600    1.084    4.74707544    4.91598084
   0.600    1.085    4.81746119    4.98513684
   0.600    1.086    4.88831815    5.05472904
   0.600    1.087    4.95965741    5.12475895
   0.600    1.088    5.03137918    5.19522806
   0.600    1.089    5.10347971    5.26613790
   0.600    1.090    5.17612041    5.33748997
   0.600    1.091    5.24914598    5.40928579
   0.600    1.092    5.32254960    5.48152688
   0.600    1.093    5.39649625    5.55421476
   0.600    1.094    5.47082925    5.62735095
   0.600    1.095    5.54554440    5.70093697
   0.600    1.096    5.62075969    5.77497436
   0.600    1.097    5.69647722    5.84946464
   0.600    1.098    5.77259757    5.92440935
   0.600    1.099    5.84911108    5.99981003
   0.600    1.100    5.92616772    6.07566821
   0.600    1.101    6.00362095    6.15198543
   0.600    1.102    6.08145844    6.22876324
   0.600    1.103    6.15979054    6.30600318
   0.600    1.104    6.23864421    6.38370680
   0.600    1.105    6.31790245    6.46187565
   0.600    1.106    6.39756887    6.54051129
   0.600    1.107    6.47780824    6.61961527
   0.600    1.108    6.55844555    6.69918915
   0.600    1.109    6.63949590    6.77923450
   0.600    1.110    6.72106396    6.85975287
   0.600    1.111    6.80315920    6.94074583
   0.600    1.112    6.88567222    7.02221495
   0.600    1.113    6.96859494    7.10416181
   0.600    1.114    7.05211952    7.18658798
   0.600    1.115    7.13604495    7.26949503
   0.600    1.116    7.22036717    7.35288454
   0.600    1.117    7.30523274    7.43675810
   0.600    1.118    7.39061623    7.52111728
   0.600    1.119    7.47641053    7.60596369
   0.600    1.120    7.56263691    7.69129890
   0.600    1.121    7.64948343    7.77712451
   0.600    1.122    7.73675768    7.86344212
   0.600    1.123    7.82443898    7.95025331
   0.600    1.124    7.91268926    8.03755970
   0.600    1.125    8.00149506    8.12536288
   0.600    1.126    8.09070773    8.21366446
   0.600    1.127    8.18035701    8.30246604
   0.600    1.128    8.27057980    8.39176924
   0.600    1.129    8.36135704    8.48157568
   0.600    1.130    8.45257254    8.57188695
   0.600    1.131    8.54421944    8.66270469
   0.600    1.132    8.63650136    8.75403052
   0.600    1.133    8.72922975    8.84586605
   0.600    1.134    8.82238657    8.93821291
   0.600    1.135    8.91610797    9.03107274
   0.600    1.136    9.01042217    9.12444716
   0.600    1.137    9.10518611    9.21833780
   0.600    1.138    9.20037588    9.31274631
   0.600    1.139    9.29617290    9.40767431
   0.600    1.140    9.39254495    9.50312346
   0.600    1.141    9.48934996    9.59909540
   0.600    1.142    9.58659918    9.69559177
   0.600    1.143    9.68452078    9.79261422
   0.600    1.144    9.78291989    9.89016441
   0.600    1.145    9.88177125    9.98824398
   0.600    1.146    9.98124286    10.08685460
   0.600    1.147    10.08132418    10.18599793
   0.600    1.148    10.18185741    10.28567562
   0.600    1.149    10.28284363    10.38588935
   0.600    1.150    10.38443038    10.48664078
   0.600    1.151    10.48663928    10.58793157
   0.600    1.152    10.58930926    10.68976341
   0.600    1.153    10.69244321    10.79213797
   0.600    1.154    10.79620624    10.89505692
   0.600    1.155    10.90058053    10.99852195
   0.600    1.156    11.00541325    11.10253474
   0.600    1.157    11.11071716    11.20709697
   0.600    1.158    11.21675681    11.31221034
   0.600    1.159    11.32327807    11.41787653
   0.600    1.160    11.43028016    11.52409724
   0.600    1.161    11.53792323    11.63087417
   0.600    1.162    11.64619487    11.73820901
   0.600    1.163    11.75494051    11.84610346
   0.600    1.164    11.86416091    11.95455923
   0.600    1.165    11.97403579    12.06357803
   0.600    1.166    12.08456492    12.17316157
   0.600    1.167    12.19558429    12.28331155
   0.600    1.168    12.30708144    12.39402969
   0.600    1.169    12.41923594    12.50531771
   0.600    1.170    12.53204316    12.61717733
   0.600    1.171    12.64534048    12.72961027
   0.600    1.172    12.75913805    12.84261826
   0.600    1.173    12.87360413    12.95620302
   0.600    1.174    12.98873188    13.07036629
   0.600    1.175    13.10435518    13.18510979
   0.600    1.176    13.22046910    13.30043527
   0.600    1.177    13.33726298    13.41634446
   0.600    1.178    13.45473334    13.53283910
   0.600    1.179    13.57270893    13.64992094
   0.600    1.180    13.69118681    13.76759172
   0.600    1.181    13.81034606    13.88585319
   0.600    1.182    13.93018559    14.00470710
   0.600    1.183    14.05052802    14.12415521
   0.600    1.184    14.17137368    14.24419928
   0.600    1.185    14.29291905    14.36484106
   0.600    1.186    14.41515602    14.48608231
   0.600    1.187    14.53790217    14.60792481
   0.600    1.188    14.66115322    14.73037031
   0.600    1.189    14.78511268    14.85342058
   0.600    1.190    14.90977594    14.97707741
   0.600    1.191    15.03495650    15.10134257
   0.600    1.192    15.16064928    15.22621783
   0.600    1.193    15.28705801    15.35170497
   0.600    1.194    15.41417231    15.47780578
   0.600    1.195    15.54180491    15.60452204
   0.600    1.196    15.66995305    15.73185554
   0.600    1.197    15.79882406    15.85980808
   0.600    1.198    15.92842098    15.98838145
   0.600    1.199    16.05854458    16.11757744
   0.600    1.200    16.18918301    16.24739785
   0.600    1.201    16.32055101    16.37784449
   0.600    1.202    16.45265074    16.50891916
   0.600    1.203    16.58527806    16.64062366
   0.600    1.204    16.71843417    16.77295981
   0.600    1.205    16.85234567    16.90592942
   0.600    1.206    16.98699648    17.03953431
   0.600    1.207    17.12217320    17.17377629
   0.600    1.208    17.25787217    17.30865718
   0.600    1.209    17.39431727    17.44417881
   0.600    1.210    17.53152030    17.58034300
   0.600    1.211    17.66927211    17.71715158
   0.600    1.212    17.80755611    17.85460638
   0.600    1.213    17.94661728    17.99270924
   0.600    1.214    18.08633300    18.13146200
   0.600    1.215    18.22679049    18.27086648
   0.600    1.216    18.36778316    18.41092454
   0.600    1.217    18.50931054    18.55163802
   0.600    1.218    18.65160650    18.69300876
   0.600    1.219    18.79468498    18.83503863
   0.600    1.220    18.93831749    18.97772946
   0.600    1.221    19.08249467    19.12108311
   0.600    1.222    19.22746671    19.26510145
   0.600    1.223    19.37323135    19.40978633
   0.600    1.224    19.51955768    19.55513962
   0.600    1.225    19.66643147    19.70116318
   0.600    1.226    19.81411776    19.84785888
   0.600    1.227    19.96259635    19.99522860
   0.600    1.228    20.11161665    20.14327420
   0.600    1.229    20.26116908    20.29199757
   0.600    1.230    20.41152650    20.44140058
   0.600    1.231    20.56256953    20.59148512
   0.600    1.232    20.71442540    20.74225307
   0.600    1.233    20.86686228    20.89370632
   0.600    1.234    21.01986257    21.04584675
   0.600    1.235    21.17369817    21.19867627
   0.600    1.236    21.32834200    21.35219677
   0.600    1.237    21.48354998    21.50641015
   0.600    1.238    21.63933067    21.66131830
   0.600    1.239    21.79596825    21.81692314
   0.600    1.240    21.95345065    21.97322656
   0.600    1.241    22.11148842    22.13023048
   0.600    1.242    22.27008343    22.28793681
   0.600    1.243    22.42956403    22.44634747
   0.600    1.244    22.58977075    22.60546437
   0.600    1.245    22.75078367    22.76528943
   0.600    1.246    22.91238315    22.92582457
   0.600    1.247    23.07457391    23.08707173
   0.600    1.248    23.23763952    23.24903282
   0.600    1.249    23.40155421    23.41170979
   0.600    1.250    23.56605991    23.57510455
   0.600    1.251    23.73116657    23.73921906
   0.600    1.252    23.89713257    23.90405525
   0.600    1.253    24.06382276    24.06961505
   0.600    1.254    24.23138324    24.23590043
   0.600    1.255    24.39958545    24.40291331
   0.600    1.256    24.56842011    24.57065566
   0.600    1.257    24.73813578    24.73912942
   0.600    1.258    24.90872167    24.90833655
   0.600    1.259    25.07992110    25.07827901
   0.600    1.260    25.25171648    25.24895877
   0.600    1.261    25.42440544    25.42037777
   0.600    1.262    25.59784102    25.59253800
   0.600    1.263    25.77217070    25.76544141
   0.600    1.264    25.94712396    25.93908999
   0.600    1.265    26.12268094    26.11348569
   0.600    1.266    26.29917040    26.28863052
   0.600    1.267    26.47659460    26.46452643
   0.600    1.268    26.65466007    26.64117542
   0.600    1.269    26.83333388    26.81857947
   0.600    1.270    27.01292799    26.99674057
   0.600    1.271    27.19329154    27.17566071
   0.600    1.272    27.37455982    27.35534188
   0.600    1.273    27.55646978    27.53578608
   0.600    1.274    27.73902016    27.71699531
   0.600    1.275    27.92251920    27.89897158
   0.600    1.276    28.10679111    28.08171687
   0.600    1.277    28.29198908    28.26523321
   0.600    1.278    28.47783664    28.44952261
   0.600    1.279    28.66431550    28.63458707
   0.600    1.280    28.85175804    28.82042861
   0.600    1.281    29.04015640    29.00704925
   0.600    1.282    29.22920273    29.19445101
   0.600    1.283    29.41887584    29.38263592
   0.600    1.284    29.60952114    29.57160599
   0.600    1.285    29.80097903    29.76136327
   0.600    1.286    29.99339455    29.95190978
   0.600    1.287    30.18645360    30.14324756
   0.600    1.288    30.38016320    30.33537864
   0.600    1.289    30.57484819    30.52830507
   0.600    1.290    30.77033758    30.72202889
   0.600    1.291    30.96681444    30.91655214
   0.600    1.292    31.16395592    31.11187688
   0.600    1.293    31.36174122    31.30800515
   0.600    1.294    31.56052741    31.50493901
   0.600    1.295    31.76015003    31.70268052
   0.600    1.296    31.96076499    31.90123173
   0.600    1.297    32.16204698    32.10059471
   0.600    1.298    32.36399289    32.30077152
   0.600    1.299    32.56695556    32.50176423
   0.900    0.900   -0.73497405    0.35745482
   0.900    0.901   -0.71680985    0.37059837
   0.900    0.902   -0.69845252    0.38394675
   0.900    0.903   -0.67993261    0.39750105
   0.900    0.904   -0.66118842    0.41126235
   0.900    0.905   -0.64226400    0.42523174
   0.900    0.906   -0.62314243    0.43941031
   0.900    0.907   -0.60383482    0.45379914
   0.900    0.908   -0.58435004    0.46839934
   0.900    0.909   -0.56461400    0.48321198
   0.900    0.910   -0.54469260    0.49823819
   0.900    0.911   -0.52459668    0.51347904
   0.900    0.912   -0.50427395    0.52893565
   0.900    0.913   -0.48377345    0.54460911
   0.900    0.914   -0.46305553    0.56050054
   0.900    0.915   -0.44212307    0.57661104
   0.900    0.916   -0.42101167    0.59294173
   0.900    0.917   -0.39965424    0.60949371
   0.900    0.918   -0.37810579    0.62626810
   0.900    0.919   -0.35636945    0.64326602
   0.900    0.920   -0.33439014    0.66048859
   0.900    0.921   -0.31222565    0.67793693
   0.900    0.922   -0.28984107    0.69561216
   0.900    0.923   -0.26724485    0.71351541
   0.900    0.924   -0.24446089    0.73164781
   0.900    0.925   -0.22142023    0.75001048
   0.900    0.926   -0.19818242    0.76860457
   0.900    0.927   -0.17472924    0.78743121
   0.900    0.928   -0.15105706    0.80649152
   0.900    0.929   -0.12717453    0.82578666
   0.900    0.930   -0.10303525    0.84531777
   0.900    0.931   -0.07871052    0.86508598
   0.900    0.932   -0.05417799    0.88509245
   0.900    0.933   -0.02936842    0.90533832
   0.900    0.934   -0.00436195    0.92582474
   0.900    0.935    0.02083875    0.94655287
   0.900    0.936    0.04631644    0.96752386
   0.900    0.937    0.07200403    0.98873887
   0.900    0.938    0.09792193    1.01019906
   0.900    0.939    0.12406837    1.03190558
   0.900    0.940    0.15041987    1.05385961
   0.900    0.941    0.17705574    1.07606230
   0.900    0.942    0.20390307    1.09851484
   0.900    0.943    0.23096390    1.12121838
   0.900    0.944    0.25830651    1.14417410
   0.900    0.945    0.28586360    1.16738317
   0.900    0.946    0.31366605    1.19084678
   0.900    0.947    0.34171030    1.21456610
   0.900    0.948    0.36996185    1.23854231
   0.900    0.949    0.39849810    1.26277660
   0.900    0.950    0.42726129    1.28727015
   0.900    0.951    0.45624283    1.31202415
   0.900    0.952    0.48549990    1.33703980
   0.900    0.953    0.51497683    1.36231828
   0.900    0.954    0.54468814    1.38786078
   0.900    0.955    0.57470457    1.41366852
   0.900    0.956    0.60495515    1.43974267
   0.900    0.957    0.63544792    1.46608446
   0.900    0.958    0.66619346    1.49269508
   0.900    0.959    0.69718630    1.51957573
   0.900    0.960    0.72848202    1.54672762
   0.900    0.961    0.75999193    1.57415198
   0.900    0.962    0.79173884    1.60185000
   0.900    0.963    0.82380070    1.62982290
   0.900    0.964    0.85608486    1.65807190
   0.900    0.965    0.88860014    1.68659822
   0.900    0.966    0.92144013    1.71540308
   0.900    0.967    0.95452049    1.74448771
   0.900    0.968    0.98784326    1.77385332
   0.900    0.969    1.02148713    1.80350115
   0.900    0.970    1.05536529    1.83343244
   0.900    0.971    1.08950360    1.86364840
   0.900    0.972    1.12391361    1.89415028
   0.900    0.973    1.15857273    1.92493931
   0.900    0.974    1.19355500    1.95601673
   0.900    0.975    1.22878741    1.98738379
   0.900    0.976    1.26426441    2.01904173
   0.900    0.977    1.30006791    2.05099179
   0.900    0.978    1.33612561    2.08323522
   0.900    0.979    1.37243514    2.11577327
   0.900    0.980    1.40908110    2.14860720
   0.900    0.981    1.44598509    2.18173825
   0.900    0.982    1.48314863    2.21516769
   0.900    0.983    1.52064776    2.24889678
   0.900    0.984    1.55839178    2.28292678
   0.900    0.985    1.59639397    2.31725894
   0.900    0.986    1.63474475    2.35189455
   0.900    0.987    1.67335382    2.38683486
   0.900    0.988    1.71222022    2.42208114
   0.900    0.989    1.75143384    2.45763467
   0.900    0.990    1.79091267    2.49349672
   0.900    0.991    1.83068417    2.52966858
   0.900    0.992    1.87074842    2.56615151
   0.900    0.993    1.91108583    2.60294680
   0.900    0.994    1.95178910    2.64005574
   0.900    0.995    1.99276182    2.67747961
   0.900    0.996    2.03399453    2.71521969
   0.900    0.997    2.07558454    2.75327729
   0.900    0.998    2.11745072    2.79165369
   0.900    0.999    2.15958763    2.83035018
   0.900    1.000    2.20208490    2.86936806
   0.900    1.001    2.24485793    2.90870864
   0.900    1.002    2.28791788    2.94837321
   0.900    1.003    2.33134291    2.98836308
   0.900    1.004    2.37503525    3.02867956
   0.900    1.005    2.41901565    3.06932394
   0.900    1.006    2.46338015    3.11029755
   0.900    1.007    2.50802464    3.15160170
   0.900    1.008    2.55295208    3.19323769
   0.900    1.009    2.59826227    3.23520685
   0.900    1.010    2.64385730    3.27751050
   0.900    1.011    2.68973507    3.32014995
   0.900    1.012    2.73599097    3.36312654
   0.900    1.013    2.78253803    3.40644158
   0.900    1.014    2.82938038    3.45009641
   0.900    1.015    2.87661098    3.49409235
   0.900    1.016    2.92413595    3.53843075
   0.900    1.017    2.97196360    3.58311293
   0.900    1.018    3.02018540    3.62814023
   0.900    1.019    3.06869472    3.67351398
   0.900    1.020    3.11750041    3.71923555
   0.900    1.021    3.16670724    3.76530625
   0.900    1.022    3.21621215    3.81172745
   0.900    1.023    3.26601998    3.85850049
   0.900    1.024    3.31623614    3.90562672
   0.900    1.025    3.36675243    3.95310749
   0.900    1.026    3.41756821    4.00094416
   0.900    1.027    3.46879756    4.04913809
   0.900    1.028    3.52033906    4.09769063
   0.900    1.029    3.57218815    4.14660314
   0.900    1.030    3.62445806    4.19587700
   0.900    1.031    3.67703897    4.24551356
   0.900    1.032    3.72992296    4.29551420
   0.900    1.033    3.78322789    4.34588028
   0.900    1.034    3.83684880    4.39661318
   0.900    1.035    3.89078570    4.44771427
   0.900    1.036    3.94514992    4.49918494
   0.900    1.037    3.99982967    4.55102655
   0.900    1.038    4.05482411    4.60324049
   0.900    1.039    4.11024907    4.65582815
   0.900    1.040    4.16599594    4.70879091
   0.900    1.041    4.22206928    4.76213016
   0.900    1.042    4.27858622    4.81584729
   0.900    1.043    4.33542613    4.86994370
   0.900    1.044    4.39258613    4.92442077
   0.900    1.045    4.45019029    4.97927990
   0.900    1.046    4.50812324    5.03452251
   0.900    1.047    4.56638710    5.09014997
   0.900    1.048    4.62506331    5.14616371
   0.900    1.049    4.68415031    5.20256513
   0.900    1.050    4.74356708    5.25935563
   0.900    1.051    4.80331210    5.31653663
   0.900    1.052    4.86351237    5.37410953
   0.900    1.053    4.92405097    5.43207576
   0.900    1.054    4.98493019    5.49043673
   0.900    1.055    5.04627098    5.54919387
   0.900    1.056    5.10794997    5.60834858
   0.900    1.057    5.16997160    5.66790230
   0.900    1.058    5.23246497    5.72785646
   0.900    1.059    5.29530182    5.78821247
   0.900    1.060    5.35848227    5.84897178
   0.900    1.061    5.42213811    5.91013582
   0.900    1.062    5.48613242    5.97170601
   0.900    1.063    5.55047107    6.03368381
   0.900    1.064    5.61530285    6.09607064
   0.900    1.065    5.68048364    6.15886795
   0.900    1.066    5.74601003    6.22207718
   0.900    1.067    5.81198211    6.28569979
   0.900    1.068    5.87839542    6.34973721
   0.900    1.069    5.94516512    6.41419090
   0.900    1.070    6.01229238    6.47906232
   0.900    1.071    6.07991101    6.54435291
   0.900    1.072    6.14788404    6.61006414
   0.900    1.073    6.21621375    6.67619747
   0.900    1.074    6.28505323    6.74275435
   0.900    1.075    6.35425946    6.80973625
   0.900    1.076    6.42382293    6.87714464
   0.900    1.077    6.49389492    6.94498099
   0.900    1.078    6.56433096    7.01324677
   0.900    1.079    6.63512107    7.08194344
   0.900    1.080    6.70642859    7.15107250
   0.900    1.081    6.77811609    7.22063540
   0.900    1.082    6.85016706    7.29063365
   0.900    1.083    6.92268713    7.36106870
   0.900    1.084    6.99568469    7.43194206
   0.900    1.085    7.06905673    7.50325520
   0.900    1.086    7.14280035    7.57500962
   0.900    1.087    7.21707225    7.64720681
   0.900    1.088    7.29171988    7.71984826
   0.900    1.089    7.36674298    7.79293546
   0.900    1.090    7.44230134    7.86646991
   0.900    1.091    7.51823978    7.94045312
   0.900    1.092    7.59456136    8.01488659
   0.900    1.093    7.67138461    8.08977181
   0.900    1.094    7.74870057    8.16511030
   0.900    1.095    7.82639480    8.24090357
   0.900    1.096    7.90447106    8.31715312
   0.900    1.097    7.98309631    8.39386048
   0.900    1.098    8.06210016    8.47102715
   0.900    1.099    8.14148161    8.54865465
   0.900    1.100    8.22143555    8.62674451
   0.900    1.101    8.30178319    8.70529824
   0.900    1.102    8.38252222    8.78431737
   0.900    1.103    8.46378197    8.86380344
   0.900    1.104    8.54554119    8.94375795
   0.900    1.105    8.62769977    9.02418246
   0.900    1.106    8.71026576    9.10507849
   0.900    1.107    8.79339801    9.18644757
   0.900    1.108    8.87692841    9.26829126
   0.900    1.109    8.96087194    9.35061107
   0.900    1.110    9.04539974    9.43340857
   0.900    1.111    9.13033386    9.51668528
   0.900    1.112    9.21568049    9.60044277
   0.900    1.113    9.30153847    9.68468258
   0.900    1.114    9.38791601    9.76940625
   0.900    1.115    9.47471848    9.85461536
   0.900    1.116    9.56191199    9.94031144
   0.900    1.117    9.64969083    10.02649605
   0.900    1.118    9.73790016    10.11317077
   0.900    1.119    9.82652161    10.20033715
   0.900    1.120    9.91570007    10.28799676
   0.900    1.121    10.00542642    10.37615115
   0.900    1.122    10.09555662    10.46480191
   0.900    1.123    10.18611931    10.55395061
   0.900    1.124    10.27730739    10.64359881
   0.900    1.125    10.36889851    10.73374810
   0.900    1.126    10.46090932    10.82440005
   0.900    1.127    10.55349380    10.91555624
   0.900    1.128    10.64663879    11.00721826
   0.900    1.129    10.74020527    11.09938769
   0.900    1.130    10.83420757    11.19206611
   0.900    1.131    10.92884472    11.28525513
   0.900    1.132    11.02390641    11.37895632
   0.900    1.133    11.11940675    11.47317129
   0.900    1.134    11.21548625    11.56790162
   0.900    1.135    11.31213303    11.66314893
   0.900    1.136    11.40920239    11.75891480
   0.900    1.137    11.50673022    11.85520085
   0.900    1.138    11.60491837    11.95200867
   0.900    1.139    11.70352611    12.04933987
   0.900    1.140    11.80259088    12.14719607
   0.900    1.141    11.90225022    12.24557888
   0.900    1.142    12.00247939    12.34448990
   0.900    1.143    12.10315683    12.44393076
   0.900    1.144    12.20427105    12.54390308
   0.900    1.145    12.30606609    12.64440847
   0.900    1.146    12.40833813    12.74544856
   0.900    1.147    12.51105376    12.84702498
   0.900    1.148    12.61438567    12.94913935
   0.900    1.149    12.71834206    13.05179330
   0.900    1.150    12.82274097    13.15498846
   0.900    1.151    12.92759477    13.25872648
   0.900    1.152    13.03314309    13.36300897
   0.900    1.153    13.13913625    13.46783759
   0.900    1.154    13.24559954    13.57321398
   0.900    1.155    13.35268605    13.67913977
   0.900    1.156    13.46039249    13.78561662
   0.900    1.157    13.56857118    13.89264617
   0.900    1.158    13.67720560    14.00023007
   0.900    1.159    13.78647773    14.10836998
   0.900    1.160    13.89636694    14.21706754
   0.900    1.161    14.00672633    14.32632442
   0.900    1.162    14.11758662    14.43614227
   0.900    1.163    14.22917447    14.54652276
   0.900    1.164    14.34124190    14.65746754
   0.900    1.165    14.45379382    14.76897829
   0.900    1.166    14.56698757    14.88105668
   0.900    1.167    14.68081670    14.99370436
   0.900    1.168    14.79512491    15.10692303
   0.900    1.169    14.90991652    15.22071434
   0.900    1.170    15.02537332    15.33507998
   0.900    1.171    15.14148735    15.45002162
   0.900    1.172    15.25808784    15.56554095
   0.900    1.173    15.37517671    15.68163966
   0.900    1.174    15.49302361    15.79831942
   0.900    1.175    15.61135594    15.91558193
   0.900    1.176    15.73017237    16.03342887
   0.900    1.177    15.84966491    16.15186194
   0.900    1.178    15.96984284    16.27088284
   0.900    1.179    16.09051718    16.39049326
   0.900    1.180    16.21168227    16.51069489
   0.900    1.181    16.33353804    16.63148945
   0.900    1.182    16.45607041    16.75287864
   0.900    1.183    16.57909567    16.87486415
   0.900    1.184    16.70262628    16.99744771
   0.900    1.185    16.82686724    17.12063102
   0.900    1.186    16.95179706    17.24441579
   0.900    1.187    17.07722712    17.36880374
   0.900    1.188    17.20315738    17.49379659
   0.900    1.189    17.32979089    17.61939605
   0.900    1.190    17.45712891    17.74560386
   0.900    1.191    17.58498036    17.87242172
   0.900    1.192    17.71334155    17.99985137
   0.900    1.193    17.84250929    18.12789454
   0.900    1.194    17.97218625    18.25655296
   0.900    1.195    18.10237594    18.38582836
   0.900    1.196    18.23328981    18.51572248
   0.900    1.197    18.36492062    18.64623705
   0.900    1.198    18.49706854    18.77737382
   0.900    1.199    18.62974221    18.90913452
   0.900    1.200    18.76316243    19.04152090
   0.900    1.201    18.89729764    19.17453471
   0.900    1.202    19.03194570    19.30817769
   0.900    1.203    19.16710904    19.44245161
   0.900    1.204    19.30300936    19.57735820
   0.900    1.205    19.43966502    19.71289923
   0.900    1.206    19.57685012    19.84907645
   0.900    1.207    19.71455912    19.98589163
   0.900    1.208    19.85302987    20.12334653
   0.900    1.209    19.99224537    20.26144290
   0.900    1.210    20.13200226    20.40018253
   0.900    1.211    20.27227847    20.53956717
   0.900    1.212    20.41329635    20.67959860
   0.900    1.213    20.55506354    20.82027859
   0.900    1.214    20.69737108    20.96160892
   0.900    1.215    20.84022831    21.10359137
   0.900    1.216    20.98385633    21.24622771
   0.900    1.217    21.12824903    21.38951973
   0.900    1.218    21.27319038    21.53346922
   0.900    1.219    21.41867478    21.67807796
   0.900    1.220    21.56495409    21.82334774
   0.900    1.221    21.71201606    21.96928035
   0.900    1.222    21.85962057    22.11587758
   0.900    1.223    22.00777763    22.26314124
   0.900    1.224    22.15673835    22.41107312
   0.900    1.225    22.30648381    22.55967502
   0.900    1.226    22.45676446    22.70894875
   0.900    1.227    22.60757739    22.85889610
   0.900    1.228    22.75920002    23.00951889
   0.900    1.229    22.91161207    23.16081893
   0.900    1.230    23.06459727    23.31279802
   0.900    1.231    23.21815269    23.46545799
   0.900    1.232    23.37251084    23.61880064
   0.900    1.233    23.52768859    23.77282781
   0.900    1.234    23.68344381    23.92754130
   0.900    1.235    23.83975436    24.08294294
   0.900    1.236    23.99687890    24.23903456
   0.900    1.237    24.15482239    24.39581798
   0.900    1.238    24.31334630    24.55329504
   0.900    1.239    24.47246276    24.71146756
   0.900    1.240    24.63242256    24.87033739
   0.900    1.241    24.79318827    25.02990635
   0.900    1.242    24.95451963    25.19017629
   0.900    1.243    25.11645123    25.35114904
   0.900    1.244    25.27925673    25.51282646
   0.900    1.245    25.44288863    25.67521038
   0.900    1.246    25.60707900    25.83830266
   0.900    1.247    25.77184937    26.00210515
   0.900    1.248    25.93748888    26.16661969
   0.900    1.249    26.10400037    26.33184814
   0.900    1.250    26.27110105    26.49779236
   0.900    1.251    26.43876073    26.66445421
   0.900    1.252    26.60731835    26.83183555
   0.900    1.253    26.77660311    26.99993824
   0.900    1.254    26.94673386    27.16876416
   0.900    1.255    27.11747266    27.33831516
   0.900    1.256    27.28880650    27.50859311
   0.900    1.257    27.46104602    27.67959990
   0.900    1.258    27.63419545    27.85133740
   0.900    1.259    27.80795808    28.02380747
   0.900    1.260    27.98230424    28.19701201
   0.900    1.261    28.15754547    28.37095290
   0.900    1.262    28.33368986    28.54563201
   0.900    1.263    28.51043986    28.72105123
   0.900    1.264    28.68778453    28.89721246
   0.900    1.265    28.86603126    29.07411759
   0.900    1.266    29.04518855    29.25176850
   0.900    1.267    29.22496675    29.43016709
   0.900    1.268    29.40533652    29.60931526
   0.900    1.269    29.58662991    29.78921492
   0.900    1.270    29.76871048    29.96986795
   0.900    1.271    29.95173107    30.15127627
   0.900    1.272    30.13538590    30.33344178
   0.900    1.273    30.31966135    30.51636639
   0.900    1.274    30.50486457    30.70005202
   0.900    1.275    30.69099902    30.88450057
   0.900    1.276    30.87775993    31.06971397
   0.900    1.277    31.06513192    31.25569412
   0.900    1.278    31.25346527    31.44244295
   0.900    1.279    31.44275819    31.62996239
   0.900    1.280    31.63270397    31.81825435
   0.900    1.281    31.82326633    32.00732076
   0.900    1.282    32.01478088    32.19716356
   0.900    1.283    32.20709288    32.38778467
   0.900    1.284    32.40036445    32.57918602
   0.900    1.285    32.59427525    32.77136957
   0.900    1.286    32.78883247    32.96433723
   0.900    1.287    32.98437724    33.15809095
   0.900    1.288    33.18087481    33.35263269
   0.900    1.289    33.37802428    33.54796437
   0.900    1.290    33.57581944    33.74408794
   0.900    1.291    33.77460408    33.94100537
   0.900    1.292    33.97420958    34.13871859
   0.900    1.293    34.17480967    34.33722957
   0.900    1.294    34.37607059    34.53654025
   0.900    1.295    34.57797362    34.73665260
   0.900    1.296    34.78088611    34.93756858
   0.900    1.297    34.98479504    35.13929015
   0.900    1.298    35.18937445    35.34181928
   0.900    1.299    35.39460485    35.54515793
   1.200    0.900    0.81281222    2.52541368
   1.200    0.901    0.83410417    2.53972271
   1.200    0.902    0.85558608    2.55423981
   1.200    0.903    0.87723503    2.56896611
   1.200    0.904    0.89913252    2.58390271
   1.200    0.905    0.92119470    2.59905072
   1.200    0.906    0.94341902    2.61441125
   1.200    0.907    0.96589002    2.62998543
   1.200    0.908    0.98853728    2.64577438
   1.200    0.909    1.01139163    2.66177921
   1.200    0.910    1.03444846    2.67800105
   1.200    0.911    1.05767651    2.69444102
   1.200    0.912    1.08115656    2.71110026
   1.200    0.913    1.10481298    2.72797988
   1.200    0.914    1.12865109    2.74508103
   1.200    0.915    1.15275352    2.76240483
   1.200    0.916    1.17702949    2.77995242
   1.200    0.917    1.20150893    2.79772494
   1.200    0.918    1.22619539    2.81572353
   1.200    0.919    1.25105913    2.83394933
   1.200    0.920    1.27619157    2.85240348
   1.200    0.921    1.30150994    2.87108713
   1.200    0.922    1.32701620    2.89000144
   1.200    0.923    1.35279162    2.90914753
   1.200    0.924    1.37874907    2.92852658
   1.200    0.925    1.40492464    2.94813974
   1.200    0.926    1.43131982    2.96798815
   1.200    0.927    1.45789998    2.98807298
   1.200    0.928    1.48475021    3.00839539
   1.200    0.929    1.51179853    3.02895654
   1.200    0.930    1.53905242    3.04975760
   1.200    0.931    1.56657371    3.07079973
   1.200    0.932    1.59426819    3.09208410
   1.200    0.933    1.62219043    3.11361188
   1.200    0.934    1.65034954    3.13538425
   1.200    0.935    1.67870016    3.15740238
   1.200    0.936    1.70733052    3.17966744
   1.200    0.937    1.73616822    3.20218061
   1.200    0.938    1.76521353    3.22494308
   1.200    0.939    1.79455131    3.24795603
   1.200    0.940    1.82408865    3.27122064
   1.200    0.941    1.85385609    3.29473811
   1.200    0.942    1.88385145    3.31850961
   1.200    0.943    1.91405610    3.34253634
   1.200    0.944    1.94456720    3.36681949
   1.200    0.945    1.97529274    3.39136026
   1.200    0.946    2.00622254    3.41615985
   1.200    0.947    2.03743717    3.44121945
   1.200    0.948    2.06885931    3.46654027
   1.200    0.949    2.10050163    3.49212351
   1.200    0.950    2.13244376    3.51797037
   1.200    0.951    2.16459472    3.54408207
   1.200    0.952    2.19699757    3.57045980
   1.200    0.953    2.22964845    3.59710479
   1.200    0.954    2.26250795    3.62401825
   1.200    0.955    2.29566760    3.65120139
   1.200    0.956    2.32904495    3.67865542
   1.200    0.957    2.36265005    3.70638158
   1.200    0.958    2.39658939    3.73438108
   1.200    0.959    2.43076337    3.76265514
   1.200    0.960    2.46515461    3.79120499
   1.200    0.961    2.49985115    3.82003186
   1.200    0.962    2.53477741    3.84913698
   1.200    0.963    2.56995631    3.87852158
   1.200    0.964    2.60538232    3.90818689
   1.200    0.965    2.64104851    3.93813415
   1.200    0.966    2.67705250    3.96836459
   1.200    0.967    2.71328592    3.99887946
   1.200    0.968    2.74974624    4.02968001
   1.200    0.969    2.78652932    4.06076746
   1.200    0.970    2.82354549    4.09214307
   1.200    0.971    2.86079529    4.12380809
   1.200    0.972    2.89838428    4.15576376
   1.200    0.973    2.93622504    4.18801135
   1.200    0.974    2.97430162    4.22055209
   1.200    0.975    3.01270809    4.25338726
   1.200    0.976    3.05134983    4.28651810
   1.200    0.977    3.09022997    4.31994588
   1.200    0.978    3.12945290    4.35367185
   1.200    0.979    3.16893048    4.38769729
   1.200    0.980    3.20869367    4.42202346
   1.200    0.981    3.24874010    4.45665162
   1.200    0.982    3.28903667    4.49158305
   1.200    0.983    3.32968282    4.52681902
   1.200    0.984    3.37057154    4.56236081
   1.200    0.985    3.41169878    4.59820968
   1.200    0.986    3.45317981    4.63436692
   1.200    0.987    3.49492225    4.67083381
   1.200    0.988    3.53692634    4.70761163
   1.200    0.989    3.57928380    4.74470167
   1.200    0.990    3.62189193    4.78210520
   1.200    0.991    3.66476126    4.81982353
   1.200    0.992    3.70799533    4.85785793
   1.200    0.993    3.75149321    4.89620970
   1.200    0.994    3.79525085    4.93488014
   1.200    0.995    3.83937791    4.97387054
   1.200    0.996    3.88377869    5.01318220
   1.200    0.997    3.92844550    5.05281642
   1.200    0.998    3.97347486    5.09277450
   1.200    0.999    4.01876562    5.13305775
   1.200    1.000    4.06433100    5.17366748
   1.200    1.001    4.11027508    5.21460498
   1.200    1.002    4.15648381    5.25587157
   1.200    1.003    4.20295842    5.29746857
   1.200    1.004    4.24981497    5.33939729
   1.200    1.005    4.29695043    5.38165903
   1.200    1.006    4.34435289    5.42425513
   1.200    1.007    4.39213854    5.46718691
   1.200    1.008    4.44022000    5.51045567
   1.200    1.009    4.48862843    5.55406276
   1.200    1.010    4.53734497    5.59800949
   1.200    1.011    4.58633573    5.64229719
   1.200    1.012    4.63572081    5.68692720
   1.200    1.013    4.68538870    5.73190084
   1.200    1.014    4.73534116    5.77721944
   1.200    1.015    4.78569187    5.82288436
   1.200    1.016    4.83633195    5.86889691
   1.200    1.017    4.88726174    5.91525845
   1.200    1.018    4.93858952    5.96197032
   1.200    1.019    4.99020061    6.00903385
   1.200    1.020    5.04210447    6.05645040
   1.200    1.021    5.09442454    6.10422132
   1.200    1.022    5.14704327    6.15234794
   1.200    1.023    5.19995660    6.20083163
   1.200    1.024    5.25328649    6.24967374
   1.200    1.025    5.30690847    6.29887563
   1.200    1.026    5.36081699    6.34843865
   1.200    1.027    5.41514611    6.39836416
   1.200    1.028    5.46978351    6.44865352
   1.200    1.029    5.52472949    6.49930810
   1.200    1.030    5.58010292    6.55032927
   1.200    1.031    5.63577865    6.60171839
   1.200    1.032    5.69175644    6.65347682
   1.200    1.033    5.74815806    6.70560596
   1.200    1.034    5.80486190    6.75810716
   1.200    1.035    5.86187988    6.81098180
   1.200    1.036    5.91934311    6.86423126
   1.200    1.037    5.97711354    6.91785692
   1.200    1.038    6.03519289    6.97186016
   1.200    1.039    6.09367203    7.02624236
   1.200    1.040    6.15254528    7.08100492
   1.200    1.041    6.21173366    7.13614921
   1.200    1.042    6.27124532    7.19167663
   1.200    1.043    6.33120741    7.24758857
   1.200    1.044    6.39149043    7.30388641
   1.200    1.045    6.45209439    7.36057157
   1.200    1.046    6.51314519    7.41764543
   1.200    1.047    6.57451946    7.47510939
   1.200    1.048    6.63622057    7.53296485
   1.200    1.049    6.69838065    7.59121322
   1.200    1.050    6.76086552    7.64985591
   1.200    1.051    6.82367789    7.70889431
   1.200    1.052    6.88695709    7.76832984
   1.200    1.053    6.95056250    7.82816391
   1.200    1.054    7.01449621    7.88839793
   1.200    1.055    7.07890423    7.94903332
   1.200    1.056    7.14364622    8.01007149
   1.200    1.057    7.20871933    8.07151387
   1.200    1.058    7.27427215    8.13336187
   1.200    1.059    7.34016490    8.19561691
   1.200    1.060    7.40639685    8.25828042
   1.200    1.061    7.47311151    8.32135383
   1.200    1.062    7.54016898    8.38483857
   1.200    1.063    7.60757057    8.44873606
   1.200    1.064    7.67545227    8.51304773
   1.200    1.065    7.74366993    8.57777503
   1.200    1.066    7.81223250    8.64291939
   1.200    1.067    7.88124395    8.70848225
   1.200    1.068    7.95070607    8.77446504
   1.200    1.069    8.02051832    8.84086921
   1.200    1.070    8.09067962    8.90769620
   1.200    1.071    8.16133778    8.97494746
   1.200    1.072    8.23234924    9.04262444
   1.200    1.073    8.30372195    9.11072859
   1.200    1.074    8.37559719    9.17926135
   1.200    1.075    8.44782543    9.24822418
   1.200    1.076    8.52041532    9.31761855
   1.200    1.077    8.59351990    9.38744590
   1.200    1.078    8.66697753    9.45770769
   1.200    1.079    8.74079864    9.52840539
   1.200    1.080    8.81515064    9.59954045
   1.200    1.081    8.88986201    9.67111436
   1.200    1.082    8.96493006    9.74312856
   1.200    1.083    9.04047070    9.81558454
   1.200    1.084    9.11648338    9.88848376
   1.200    1.085    9.19286778    9.96182769
   1.200    1.086    9.26962301    10.03561782
   1.200    1.087    9.34691406    10.10985561
   1.200    1.088    9.42457589    10.18454255
   1.200    1.089    9.50261167    10.25968011
   1.200    1.090    9.58120191    10.33526978
   1.200    1.091    9.66016602    10.41131305
   1.200    1.092    9.73949833    10.48781140
   1.200    1.093    9.81937519    10.56476632
   1.200    1.094    9.89963318    10.64217929
   1.200    1.095    9.98025939    10.72005182
   1.200    1.096    10.06136992    10.79838540
   1.200    1.097    10.14299158    10.87718151
   1.200    1.098    10.22500192    10.95644167
   1.200    1.099    10.30739596    11.03616736
   1.200    1.100    10.39036518    11.11636010
   1.200    1.101    10.47371583    11.19702138
   1.200    1.102    10.55744529    11.27815272
   1.200    1.103    10.64176191    11.35975561
   1.200    1.104    10.72646994    11.44183157
   1.200    1.105    10.81155579    11.52438211
   1.200    1.106    10.89716379    11.60740874
   1.200    1.107    10.98329999    11.69091298
   1.200    1.108    11.06983037    11.77489635
   1.200    1.109    11.15675963    11.85936036
   1.200    1.110    11.24428602    11.94430654
   1.200    1.111    11.33220425    12.02973640
   1.200    1.112    11.42050228    12.11565148
   1.200    1.113    11.50940453    12.20205330
   1.200    1.114    11.59871998    12.28894339
   1.200    1.115    11.68841305    12.37632327
   1.200    1.116    11.77864236    12.46419449
   1.200    1.117    11.86942233    12.55255857
   1.200    1.118    11.96060977    12.64141706
   1.200    1.119    12.05221735    12.73077148
   1.200    1.120    12.14444091    12.82062338
   1.200    1.121    12.23706542    12.91097431
   1.200    1.122    12.33010729    13.00182580
   1.200    1.123    12.42378252    13.09317941
   1.200    1.124    12.51786426    13.18503667
   1.200    1.125    12.61234839    13.27739914
   1.200    1.126    12.70740150    13.37026837
   1.200    1.127    12.80301973    13.46364592
   1.200    1.128    12.89905936    13.55753333
   1.200    1.129    12.99551873    13.65193217
   1.200    1.130    13.09262262    13.74684399
   1.200    1.131    13.19014918    13.84227036
   1.200    1.132    13.28809215    13.93821284
   1.200    1.133    13.38662003    14.03467299
   1.200    1.134    13.48572564    14.13165237
   1.200    1.135    13.58525371    14.22915257
   1.200    1.136    13.68520556    14.32717514
   1.200    1.137    13.78581536    14.42572167
   1.200    1.138    13.88687650    14.52479372
   1.200    1.139    13.98836760    14.62439287
   1.200    1.140    14.09043535    14.72452069
   1.200    1.141    14.19310592    14.82517878
   1.200    1.142    14.29622196    14.92636870
   1.200    1.143    14.39976273    15.02809205
   1.200    1.144    14.50397458    15.13035041
   1.200    1.145    14.60862918    15.23314536
   1.200    1.146    14.71372158    15.33647849
   1.200    1.147    14.81944381    15.44035141
   1.200    1.148    14.92577528    15.54476569
   1.200    1.149    15.03254770    15.64972293
   1.200    1.150    15.13978967    15.75522473
   1.200    1.151    15.24773292    15.86127270
   1.200    1.152    15.35611742    15.96786842
   1.200    1.153    15.46495532    16.07501350
   1.200    1.154    15.57441287    16.18270955
   1.200    1.155    15.68447653    16.29095817
   1.200    1.156    15.79501408    16.39976096
   1.200    1.157    15.90601724    16.50911955
   1.200    1.158    16.01772010    16.61903554
   1.200    1.159    16.12989135    16.72951054
   1.200    1.160    16.24253061    16.84054617
   1.200    1.161    16.35580330    16.95214405
   1.200    1.162    16.46970789    17.06430579
   1.200    1.163    16.58406930    17.17703303
   1.200    1.164    16.69890740    17.29032737
   1.200    1.165    16.81449871    17.40419044
   1.200    1.166    16.93056353    17.51862387
   1.200    1.167    17.04710224    17.63362930
   1.200    1.168    17.16430882    17.74920834
   1.200    1.169    17.28216659    17.86536264
   1.200    1.170    17.40048736    17.98209382
   1.200    1.171    17.51927990    18.09940352
   1.200    1.172    17.63873685    18.21729338
   1.200    1.173    17.75886296    18.33576504
   1.200    1.174    17.87947625    18.45482014
   1.200    1.175    18.00057530    18.57446032
   1.200    1.176    18.12244243    18.69468723
   1.200    1.177    18.24479478    18.81550252
   1.200    1.178    18.36762914    18.93690783
   1.200    1.179    18.49115203    19.05890482
   1.200    1.180    18.61535208    19.18149513
   1.200    1.181    18.74003479    19.30468043
   1.200    1.182    18.86521864    19.42846236
   1.200    1.183    18.99109040    19.55284259
   1.200    1.184    19.11764836    19.67782278
   1.200    1.185    19.24472012    19.80340458
   1.200    1.186    19.37228879    19.92958967
   1.200    1.187    19.50064199    20.05637970
   1.200    1.188    19.62948801    20.18377635
   1.200    1.189    19.75883709    20.31178128
   1.200    1.190    19.88890537    20.44039617
   1.200    1.191    20.01968033    20.56962268
   1.200    1.192    20.15095822    20.69946249
   1.200    1.193    20.28274216    20.82991729
   1.200    1.194    20.41524967    20.96098874
   1.200    1.195    20.54847285    21.09267853
   1.200    1.196    20.68220990    21.22498833
   1.200    1.197    20.81645135    21.35791984
   1.200    1.198    20.95151996    21.49147474
   1.200    1.199    21.08709814    21.62565472
   1.200    1.200    21.22317841    21.76046146
   1.200    1.201    21.36001061    21.89589666
   1.200    1.202    21.49758292    22.03196201
   1.200    1.203    21.63567009    22.16865920
   1.200    1.204    21.77427938    22.30598994
   1.200    1.205    21.91364189    22.44395592
   1.200    1.206    22.05374456    22.58255883
   1.200    1.207    22.19437784    22.72180039
   1.200    1.208    22.33552234    22.86168230
   1.200    1.209    22.47740365    23.00220626
   1.200    1.210    22.62003372    23.14337398
   1.200    1.211    22.76319059    23.28518717
   1.200    1.212    22.90688676    23.42764754
   1.200    1.213    23.05135710    23.57075681
   1.200    1.214    23.19658249    23.71451669
   1.200    1.215    23.34234154    23.85892889
   1.200    1.216    23.48864154    24.00399514
   1.200    1.217    23.63571762    24.14971715
   1.200    1.218    23.78357610    24.29609666
   1.200    1.219    23.93197981    24.44313537
   1.200    1.220    24.08091576    24.59083502
   1.200    1.221    24.23076331    24.73919734
   1.200    1.222    24.38116382    24.88822405
   1.200    1.223    24.53210494    25.03791690
   1.200    1.224    24.68382823    25.18827760
   1.200    1.225    24.83632133    25.33930789
   1.200    1.226    24.98936357    25.49100952
   1.200    1.227    25.14295636    25.64338422
   1.200    1.228    25.29734284    25.79643372
   1.200    1.229    25.45254992    25.95015979
   1.200    1.230    25.60831898    26.10456414
   1.200    1.231    25.76462950    26.25964855
   1.200    1.232    25.92176558    26.41541474
   1.200    1.233    26.07971996    26.57186447
   1.200    1.234    26.23823687    26.72899950
   1.200    1.235    26.39730398    26.88682157
   1.200    1.236    26.55719237    27.04533244
   1.200    1.237    26.71790310    27.20453386
   1.200    1.238    26.87919298    27.36442760
   1.200    1.239    27.04106840    27.52501542
   1.200    1.240    27.20378497    27.68629907
   1.200    1.241    27.36730616    27.84828033
   1.200    1.242    27.53138777    28.01096095
   1.200    1.243    27.69606265    28.17434271
   1.200    1.244    27.86161360    28.33842737
   1.200    1.245    28.02800094    28.50321671
   1.200    1.246    28.19494444    28.66871249
   1.200    1.247    28.36245256    28.83491650
   1.200    1.248    28.53082970    29.00183051
   1.200    1.249    28.70007184    29.16945629
   1.200    1.250    28.86991529    29.33779563
   1.200    1.251    29.04032992    29.50685032
   1.200    1.252    29.21159853    29.67662212
   1.200    1.253    29.38375784    29.84711284
   1.200    1.254    29.55651107    30.01832425
   1.200    1.255    29.72982825    30.19025815
   1.200    1.256    29.90403101    30.36291632
   1.200    1.257    30.07911591    30.53630056
   1.200    1.258    30.25480717    30.71041267
   1.200    1.259    30.43111257    30.88525444
   1.200    1.260    30.60833081    31.06082766
   1.200    1.261    30.78644954    31.23713414
   1.200    1.262    30.96515816    31.41417568
   1.200    1.263    31.14445330    31.59195408
   1.200    1.264    31.32466601    31.77047116
   1.200    1.265    31.50578094    31.94972870
   1.200    1.266    31.68750174    32.12972853
   1.200    1.267    31.86980709    32.31047245
   1.200    1.268    32.05303087    32.49196228
   1.200    1.269    32.23718544    32.67419983
   1.200    1.270    32.42195062    32.85718692
   1.200    1.271    32.60731635    33.04092536
   1.200    1.272    32.79361361    33.22541697
   1.200    1.273    32.98069674    33.41066358
   1.200    1.274    33.16874010    33.59666700
   1.200    1.275    33.35741779    33.78342907
   1.200    1.276    33.54670933    33.97095161
   1.200    1.277    33.73694064    34.15923644
   1.200    1.278    33.92811473    34.34828540
   1.200    1.279    34.11991901    34.53810032
   1.200    1.280    34.31232684    34.72868303
   1.200    1.281    34.50569851    34.92003537
   1.200    1.282    34.70003553    35.11215917
   1.200    1.283    34.89500519    35.30505628
   1.200    1.284    35.09061366    35.49872853
   1.200    1.285    35.28721045    35.69317777
   1.200    1.286    35.48475957    35.88840584
   1.200    1.287    35.68291850    36.08441459
   1.200    1.288    35.88171936    36.28120586
   1.200    1.289    36.08153210    36.47878150
   1.200    1.290    36.28231721    36.67714337
   1.200    1.291    36.48373871    36.87629333
   1.200    1.292    36.68580310    37.07623321
   1.200    1.293    36.88887941    37.27696488
   1.200    1.294    37.09277774    37.47849020
   1.200    1.295    37.29766811    37.68081103
   1.200    1.296    37.50320957    37.88392923
   1.200    1.297    37.70940069    38.08784667
   1.200    1.298    37.91661911    38.29256520
   1.200    1.299    38.12485499    38.49808670
