#	T	T(K)	rho			rho(gr/cc)		Vs			Vsv			Vsv2			Vsv3			Vsv4			Vsv5			Vsv6			dg			dg2			dg3			dg4			dg5			dg6:
	0.01	116	9.1356797350e-02	8.9200776933e+00	2.2580448432e+190	1.1103351814e+185	2.3043137379e+189	1.7013827989e+190	2.1708493351e+190	2.2440207661e+190	2.2555565466e+190	1.4667315426e+00	1.6036696334e+00	1.6716035519e+00	1.6763292522e+00	1.6778244722e+00	1.6779126784e+00
	0.02	232	9.0951404620e-02	8.8804951471e+00	1.4867164713e+94	3.4071959531e+91	4.7872606704e+93	1.2924074447e+94	1.4581154156e+94	1.4821680672e+94	1.4859127259e+94	1.4588245452e+00	1.5948081501e+00	1.6620385160e+00	1.6667005609e+00	1.6681713057e+00	1.6682578279e+00
	0.03	348	9.0544611600e-02	8.8407758766e+00	1.6840842397e+62	2.9938722613e+60	7.9538904286e+61	1.5354489063e+62	1.6627085618e+62	1.6807044058e+62	1.6834889199e+62	1.4507368214e+00	1.5857630762e+00	1.6522904662e+00	1.6568891069e+00	1.6583355462e+00	1.6584204006e+00
	0.04	464	9.0136194620e-02	8.8008980427e+00	2.0397174704e+46	1.0103464524e+45	1.1667293756e+46	1.9045464781e+46	2.0205351965e+46	2.0366977514e+46	2.0391872002e+46	1.4424494890e+00	1.5765151389e+00	1.6423398356e+00	1.6468752972e+00	1.6482975914e+00	1.6483807934e+00
	0.05	580	8.9725940010e-02	8.7608407826e+00	6.2098494454e+36	5.6904564468e+35	3.9847129141e+36	5.8818322654e+36	6.1637324709e+36	6.2026176315e+36	6.2085833214e+36	1.4339587684e+00	1.5670601836e+00	1.6321821779e+00	1.6366546602e+00	1.6380529604e+00	1.6381345246e+00
	0.06	696	8.9314515850e-02	8.7206693276e+00	2.9593497557e+30	4.0882042373e+29	2.0501758751e+30	2.8298754249e+30	2.9412796849e+30	2.9565263243e+30	2.9588569109e+30	1.4252031707e+00	1.5573390053e+00	1.6217601065e+00	1.6261699722e+00	1.6275444910e+00	1.6276244360e+00
	0.07	812	8.8898982870e-02	8.6800966874e+00	9.3683508920e+25	1.7354716228e+25	6.8554965948e+25	9.0197025922e+25	9.3199948268e+25	9.3608217398e+25	9.3670405970e+25	1.4162886166e+00	1.5474488747e+00	1.6111640852e+00	1.6155110923e+00	1.6168618168e+00	1.6169401461e+00
	0.08	928	8.8482078720e-02	8.6393901662e+00	4.0658736229e+22	9.3883168092e+21	3.1000301357e+22	3.9346040772e+22	4.0477678885e+22	4.0630641714e+22	4.0653861771e+22	1.4071177946e+00	1.5373018589e+00	1.6003131335e+00	1.6045976545e+00	1.6059248014e+00	1.6060015337e+00
	0.09	1044	8.8063167070e-02	8.5984876327e+00	1.0077906957e+20	2.7628114819e+19	7.9333387884e+19	9.7913474290e+19	1.0038583709e+20	1.0071825879e+20	1.0076855108e+20	1.3976245266e+00	1.5268312005e+00	1.5891396787e+00	1.5933620020e+00	1.5946657541e+00	1.5947409058e+00
	0.1	1160	8.7642374920e-02	8.5574014872e+00	8.4410177086e+17	2.6554795184e+17	6.8167813680e+17	8.2270956431e+17	8.4118028491e+17	8.4365150575e+17	8.4402412916e+17	1.3877731620e+00	1.5160024395e+00	1.5776100299e+00	1.5817705045e+00	1.5830510665e+00	1.5831246550e+00
	0.11	1276	8.7219717660e-02	8.5161332323e+00	1.7114126623e+16	6.0268853131e+15	1.4113018181e+16	1.6723797233e+16	1.7061064504e+16	1.7105976116e+16	1.7112725589e+16	1.3776495418e+00	1.5049018939e+00	1.5658107903e+00	1.5699097902e+00	1.5711673750e+00	1.5712394184e+00
	0.12	1393	8.6795059430e-02	8.4746696027e+00	6.7263554175e+14	2.6031613489e+14	5.6443239083e+14	6.5871868112e+14	6.7075205294e+14	6.7234720709e+14	6.7258613572e+14	1.3670018560e+00	1.4932776391e+00	1.5534900422e+00	1.5575279322e+00	1.5587627493e+00	1.5588332652e+00
	0.13	1509	8.6368189540e-02	8.4329900267e+00	4.3950003253e+13	1.8428139308e+13	3.7427763866e+13	4.3119550994e+13	4.3838098336e+13	4.3932930181e+13	4.3947087208e+13	1.3559112707e+00	1.4812104081e+00	1.5407281039e+00	1.5447052207e+00	1.5459174694e+00	1.5459864748e+00
	0.14	1625	8.5939080990e-02	8.3910918679e+00	4.2785462994e+12	1.9220817572e+12	3.6899405320e+12	4.2042919427e+12	4.2685830780e+12	4.2770313985e+12	4.2782884031e+12	1.3443434844e+00	1.4686659710e+00	1.5274908605e+00	1.5314075484e+00	1.5325974312e+00	1.5326649430e+00
	0.15	1741	8.5507553580e-02	8.3489575316e+00	5.7270157693e+11	2.7320344307e+11	4.9935351405e+11	5.6352771724e+11	5.7147585131e+11	5.7251584311e+11	5.7267006264e+11	1.3322664765e+00	1.4556119112e+00	1.5137456220e+00	1.5176022039e+00	1.5187699154e+00	1.5188359501e+00
	0.16	1857	8.5073268320e-02	8.3065539188e+00	9.9251701918e+10	4.9915995540e+10	8.7373610926e+10	9.7778018934e+10	9.9055628278e+10	9.9222093214e+10	9.9246695041e+10	1.3196497227e+00	1.4420168567e+00	1.4994604563e+00	1.5032572046e+00	1.5044029218e+00	1.5044674946e+00
	0.17	1973	8.4636121450e-02	8.2638708984e+00	2.1270416671e+10	1.1211049426e+10	1.8883904581e+10	2.0976585011e+10	2.1231485955e+10	2.1264558214e+10	2.1269429402e+10	1.3064514364e+00	1.4278388507e+00	1.4845932927e+00	1.4883304751e+00	1.4894543740e+00	1.4895175000e+00
	0.18	2089	8.4195935150e-02	8.2208911080e+00	5.4393203782e+09	2.9898261765e+09	4.8654887744e+09	5.3691836531e+09	5.4300666406e+09	5.4379327093e+09	5.4390873468e+09	1.2926279632e+00	1.4130338632e+00	1.4690998840e+00	1.4727777506e+00	1.4738800013e+00	1.4739416951e+00
	0.19	2205	8.3752295840e-02	8.1775741658e+00	1.6137009216e+09	9.2130593287e+08	1.4532093846e+09	1.5942223007e+09	1.6111417384e+09	1.6133185082e+09	1.6136369323e+09	1.2779248911e+00	1.3973464699e+00	1.4527241065e+00	1.4563428500e+00	1.4574236027e+00	1.4574838777e+00
	0.2	2321	8.3305180490e-02	8.1339178230e+00	5.4305756181e+08	3.2091902779e+08	4.9202025050e+08	5.3690528086e+08	5.4225266284e+08	5.4293771646e+08	5.4303758116e+08	1.2624635517e+00	1.3808980871e+00	1.4355875020e+00	1.4391473282e+00	1.4402067393e+00	1.4402656090e+00
	0.21	2437	8.2854077960e-02	8.0898721720e+00	2.0357182516e+08	1.2415125284e+08	1.8545453196e+08	2.0140232129e+08	2.0328919842e+08	2.0352989523e+08	2.0356486064e+08	1.2461860871e+00	1.3636296167e+00	1.4176301211e+00	1.4211311668e+00	1.4221693684e+00	1.4222268449e+00
	0.22	2553	8.2398953310e-02	8.0454338012e+00	8.3750193623e+07	5.2583552410e+07	7.6678381485e+07	8.2908840345e+07	8.3641059090e+07	8.3734061664e+07	8.3747524330e+07	1.2287486735e+00	1.3451973206e+00	1.3985083586e+00	1.4019507751e+00	1.4029679064e+00	1.4030240022e+00
	0.23	2669	8.1939220640e-02	8.0005455033e+00	3.7353084148e+07	2.4090033368e+07	3.4355329106e+07	3.6998703077e+07	3.7307315933e+07	3.7346343781e+07	3.7351973199e+07	1.2105836947e+00	1.3260321962e+00	1.3786522716e+00	1.3820361348e+00	1.3830323093e+00	1.3830870350e+00
	0.24	2785	8.1474779290e-02	7.9551974499e+00	1.7877571081e+07	1.1823657330e+07	1.6511755426e+07	1.7717125174e+07	1.7856940645e+07	1.7874544145e+07	1.7877074177e+07	1.1907202522e+00	1.3051632984e+00	1.3570909607e+00	1.3604163546e+00	1.3613916902e+00	1.3614450570e+00
