#T	rho	first order	correction 1	correction 2	correction 3	correction4	correction 5	correction 6	second order 
0.09	0.08	-4.076571159	0.07164842586	-0.007112565709	-0.002950001627	-0.0002735606882	-0.0002255243348	-5.874454101e-05	-4.01554313	
0.09	0.082	-4.107854938	0.07636854711	-0.006040249986	-0.002729985042	-0.0003119431486	-0.0003354133924	-9.679125019e-05	-4.041000774	
0.09	0.084	-4.129462829	0.07652437217	-0.005230523699	-0.002374337077	-0.0002434499106	-0.0002225126568	-6.013810096e-05	-4.061069419	
0.09	0.086	-4.14194677	0.07311286866	-0.004621151566	-0.001942830376	-0.0001039974789	4.041354887e-05	2.690284189e-05	-4.075434565	
0.09	0.088	-4.146193577	0.06814235058	-0.00419615094	-0.001506018056	6.546306482e-05	0.0003704453468	0.0001366665857	-4.083180821	
0.09	0.09	-4.143344337	0.06246739893	-0.003925205761	-0.001203094544	0.0001917122102	0.0006200188235	0.0002199534011	-4.084973554	
0.09	0.092	-4.134403415	0.05862838471	-0.003687298204	-0.0008854255954	0.000331804813	0.000899283497	0.0003132340067	-4.078803432	
0.09	0.094	-4.118844293	0.05565072673	-0.003423500033	-0.0007996147109	0.0003405460139	0.0009108821946	0.0003169855645	-4.065848267	
0.09	0.096	-4.094755007	0.04997060531	-0.003040047719	-0.0005926167073	0.0003904935029	0.0009986363021	0.0003457584746	-4.046682178	
0.09	0.098	-4.059999347	0.04080448413	-0.002585504883	-0.0004029166598	0.0004137640524	0.001026676418	0.0003542018475	-4.020388642	
0.09	0.1	-4.012300955	0.0269394731	-0.00204757662	-9.110966686e-05	0.0004816993605	0.001137928865	0.0003899918666	-3.985490548	
0.11	0.08	-4.057932854	0.08670824146	-0.008101966791	-0.003350961621	-0.0002561143802	-0.0001292419323	-2.339314922e-05	-3.98308629	
0.11	0.082	-4.085094377	0.09059425488	-0.006989133514	-0.003257961859	-0.000374033632	-0.0004015764472	-0.000115732453	-4.00563856	
0.11	0.084	-4.103022656	0.08981308136	-0.006137081926	-0.00298073439	-0.0003577370602	-0.0003958090902	-0.0001148827413	-4.023195819	
0.11	0.086	-4.112249611	0.08570716785	-0.00548536989	-0.002573908257	-0.0002395573108	-0.0001770353873	-4.260384115e-05	-4.035060918	
0.11	0.088	-4.113626863	0.08031559961	-0.005027319371	-0.002137955676	-7.638482751e-05	0.0001397227748	6.274176449e-05	-4.040350458	
0.11	0.09	-4.108215821	0.07444570483	-0.004723444118	-0.001845880485	4.02748472e-05	0.0003698240158	0.0001395763815	-4.039789765	
0.11	0.092	-4.096823067	0.0703892197	-0.004409253287	-0.001422192793	0.0002263900084	0.0007400272892	0.0002631586297	-4.031035717	
0.11	0.094	-4.078744902	0.06721144665	-0.004067293514	-0.001271953169	0.0002567518304	0.0007925265565	0.0002804504314	-4.015542973	
0.11	0.096	-4.052058803	0.06136610841	-0.003609476645	-0.001054399159	0.0002977421082	0.0008587468506	0.0003018771534	-3.993898205	
0.11	0.098	-4.014635654	0.05185973241	-0.003054770569	-0.0007742484002	0.0003490447526	0.0009380351109	0.0003271487763	-3.964990712	
0.11	0.1	-3.964206916	0.03773214482	-0.002429553856	-0.0004373971536	0.0004093116757	0.001027911259	0.0003554808573	-3.927549018	
0.13	0.08	-4.043706978	0.09807488101	-0.009013276421	-0.003671546409	-0.0002061450967	3.04434678e-05	3.304418575e-05	-3.958459578	
0.13	0.082	-4.066979284	0.1017655606	-0.007882701169	-0.003726914122	-0.0004116777772	-0.0004197900763	-0.0001187111454	-3.977773518	
0.13	0.084	-4.081410871	0.1009652186	-0.007001203824	-0.003528450474	-0.0004457380828	-0.0005169818863	-0.0001522484314	-3.992090275	
0.13	0.086	-4.087521263	0.09648177437	-0.006323380067	-0.003180019785	-0.0003642607523	-0.00037285216	-0.0001048791588	-4.001384881	
0.13	0.088	-4.08612651	0.09094613565	-0.005830378256	-0.002726749876	-0.0001977301561	-4.993758815e-05	2.53000507e-06	-4.00398264	
0.13	0.09	-4.078199378	0.08489772486	-0.005501998521	-0.002495431902	-0.0001163689832	0.0001090364686	5.567909854e-05	-4.001250737	
0.13	0.092	-4.064360935	0.08131551073	-0.005102983806	-0.001942208264	0.0001266844539	0.0005917012867	0.0002167180676	-3.989155512	
0.13	0.094	-4.043767569	0.07807770086	-0.004695296798	-0.001785641168	0.0001486550124	0.0006247246057	0.0002274002244	-3.971170026	
0.13	0.096	-4.014491023	0.07213445644	-0.004162865644	-0.001557561997	0.0001800383892	0.0006678375896	0.0002409361549	-3.946988182	
0.13	0.098	-3.974409153	0.06249335531	-0.003515169278	-0.001212718786	0.0002460492282	0.0007715022017	0.0002740619598	-3.915352072	
0.13	0.1	-3.921260992	0.04814748608	-0.002805137008	-0.0008554068685	0.0002961230895	0.0008347956831	0.0002931865994	-3.875349945	
0.15	0.08	-4.033155388	0.1064206614	-0.009859975266	-0.003951280055	-0.0001417073782	0.0002178390484	9.869052102e-05	-3.94037116	
0.15	0.082	-4.052736962	0.1098020154	-0.008712848445	-0.004103672845	-0.000407193372	-0.0003544251809	-9.383729759e-05	-3.956606923	
0.15	0.084	-4.063829546	0.1094090063	-0.007821238362	-0.004020112876	-0.0005081113637	-0.0005871884641	-0.0001726123389	-3.967529803	
0.15	0.086	-4.0669434	0.1058107198	-0.007124537775	-0.003734968581	-0.0004647664918	-0.0005203050593	-0.0001510095165	-3.973128268	
0.15	0.088	-4.062856327	0.09991725541	-0.00660354543	-0.003285847375	-0.0003054025492	-0.0002122699714	-4.85498875e-05	-3.973394687	
0.15	0.09	-4.052447387	0.09460612823	-0.006244646999	-0.003105605851	-0.0002554445258	-0.0001169067	-1.659932392e-05	-3.967580462	
0.15	0.092	-4.036168576	0.09111083612	-0.005774413942	-0.002486582651	1.172771279e-05	0.0004122411765	0.0001598805576	-3.952734887	
0.15	0.094	-4.013064646	0.08809829595	-0.005292193366	-0.002289585761	4.166255806e-05	0.0004582218709	0.0001747452823	-3.931873499	
0.15	0.096	-3.981204616	0.08221666033	-0.004675735783	-0.002009842263	8.353569278e-05	0.0005181972597	0.0001936970429	-3.904878103	
0.15	0.098	-3.938473133	0.07248484896	-0.003948846272	-0.001652863794	0.0001375162513	0.0005925344465	0.0002167581397	-3.870643186	
0.15	0.1	-3.882616705	0.057996437	-0.003143191022	-0.001224012037	0.0002028035991	0.0006799426487	0.000243563262	-3.827861161	
0.17	0.08	-4.025748186	0.1126223736	-0.01064283812	-0.004187603243	-6.027451396e-05	0.000438302523	0.0001753468641	-3.927402879	
0.17	0.082	-4.041809739	0.1164970641	-0.009485546526	-0.004413810928	-0.0003725518765	-0.0002292326583	-4.901734267e-05	-3.939862835	
0.17	0.084	-4.049699934	0.116150377	-0.008589953343	-0.004437580677	-0.0005354581761	-0.0005875620621	-0.0001696823109	-3.947869793	
0.17	0.086	-4.049919388	0.112751435	-0.007888027202	-0.004257945174	-0.0005508175593	-0.0006389365706	-0.0001875118144	-3.950691191	
0.17	0.088	-4.043205364	0.107603836	-0.007352982486	-0.003857537042	-0.0004206135583	-0.0003897188361	-0.0001046485358	-3.947727029	
0.17	0.09	-4.030341256	0.1032174015	-0.006945595072	-0.00367030488	-0.0003742341862	-0.000302692585	-7.54955598e-05	-3.938492176	
0.17	0.092	-4.011627343	0.1001498906	-0.006402782299	-0.002983940956	-8.293599716e-05	0.000272666508	0.0001163158497	-3.920558129	
0.17	0.094	-3.986018094	0.09717641282	-0.005848681306	-0.002754853942	-4.988720027e-05	0.0003216270029	0.000132016908	-3.897041459	
0.17	0.096	-3.951581972	0.09146285136	-0.005151505572	-0.002432641329	-2.626189278e-06	0.0003880308764	0.0001528893895	-3.867164974	
0.17	0.098	-3.90621031	0.08185921359	-0.004344669128	-0.002054586577	4.349988956e-05	0.0004412204045	0.0001685977354	-3.830097034	
0.17	0.1	-3.847656865	0.06730238192	-0.003448347298	-0.001565766943	0.0001180375815	0.0005406859297	0.0001990523281	-3.784510821	
