#T	rho	first order	correction 1	correction 2	correction 3	correction4	correction 5	correction 6	second order 
0.09	0.08	-4.089740978	0.0673928273	-0.008811611601	-0.004338121638	-0.0002995035578	-6.431387347e-05	6.729047953e-06	-4.035854972	
0.09	0.082	-4.113776657	0.06843409011	-0.008030924964	-0.004242058442	-0.0003527677359	-0.0001865986563	-3.427167658e-05	-4.058189188	
0.09	0.084	-4.131130296	0.06821576358	-0.007346607428	-0.004106511744	-0.0003753929928	-0.0002445371219	-5.370521412e-05	-4.075041287	
0.09	0.086	-4.141677652	0.06628070339	-0.006742041774	-0.003950706018	-0.0003736363626	-0.0002521257136	-5.625184308e-05	-4.08677171	
0.09	0.088	-4.145347893	0.06295179173	-0.006216078841	-0.003767264977	-0.0003487675787	-0.0002107679779	-4.241706304e-05	-4.092981397	
0.09	0.09	-4.142091399	0.05890349658	-0.005728548066	-0.003564514682	-0.0003061610435	-0.0001327527977	-1.62670052e-05	-4.092936146	
0.09	0.092	-4.131792948	0.05364649812	-0.005284981497	-0.003350758809	-0.0002537571269	-3.444582537e-05	1.668993522e-05	-4.087053704	
0.09	0.094	-4.114333059	0.04739243888	-0.004872839462	-0.003120985438	-0.0001888391484	9.01106355e-05	5.845896872e-05	-4.074974714	
0.09	0.096	-4.089624032	0.0402285605	-0.004494468776	-0.002891114954	-0.0001188774335	0.0002253715764	0.0001038025902	-4.056570758	
0.09	0.098	-4.057609061	0.03222488592	-0.004142504886	-0.002673848459	-5.188395101e-05	0.0003553660641	0.000147430589	-4.031749615	
0.09	0.1	-4.018260891	0.02325331417	-0.003806822287	-0.002435066057	2.953853793e-05	0.0005149669543	0.0002009532041	-4.000504007	
0.11	0.08	-4.068134054	0.0799641964	-0.00972586428	-0.004946788074	-0.0002748307481	8.694317012e-05	6.273774003e-05	-4.002967659	
0.11	0.082	-4.088789595	0.08122361421	-0.008903684259	-0.004891243393	-0.0003589030016	-9.78768537e-05	9.404149407e-07	-4.021816748	
0.11	0.084	-4.102920533	0.08020363553	-0.008179181179	-0.004808806345	-0.0004192102045	-0.0002318504463	-4.377924019e-05	-4.036399725	
0.11	0.086	-4.110397528	0.07795401412	-0.007528136711	-0.004682090321	-0.0004415115382	-0.0002885418246	-6.263174863e-05	-4.045446426	
0.11	0.088	-4.111139216	0.07463867199	-0.006960268121	-0.004531459076	-0.000442447684	-0.0002993866161	-6.61411487e-05	-4.048800246	
0.11	0.09	-4.105078323	0.07018137027	-0.006428014377	-0.004353680499	-0.0004210593364	-0.0002644472854	-5.42796647e-05	-4.046418434	
0.11	0.092	-4.092088771	0.06477768611	-0.005939896426	-0.004150666297	-0.0003827244286	-0.0001949239205	-3.084239533e-05	-4.038010138	
0.11	0.094	-4.072045847	0.05842153391	-0.005485530049	-0.003931233225	-0.0003315664625	-9.842780181e-05	1.656140176e-06	-4.023469414	
0.11	0.096	-4.044856785	0.05095188218	-0.005065020471	-0.003699394589	-0.0002684497535	2.265595122e-05	4.235725092e-05	-4.002872755	
0.11	0.098	-4.010459737	0.04266693466	-0.004668627136	-0.003464185966	-0.0001997632652	0.0001556337801	8.7065581e-05	-3.975882679	
0.11	0.1	-3.968822598	0.03341599278	-0.004289692964	-0.003205342009	-0.0001153636842	0.0003209146475	0.0001425692987	-3.942553519	
0.13	0.08	-4.050756717	0.09132636781	-0.01053742377	-0.00546891393	-0.0002217809261	0.0002916957519	0.0001364638535	-3.975230308	
0.13	0.082	-4.068173189	0.09222915272	-0.009684494439	-0.005459649888	-0.0003379174302	4.213215932e-05	5.314266324e-05	-3.991330824	
0.13	0.084	-4.079204148	0.09130980486	-0.00892518989	-0.005416681379	-0.0004276781378	-0.0001510651475	-1.124749258e-05	-4.002826205	
0.13	0.086	-4.083716664	0.08881463632	-0.008238775248	-0.005334858597	-0.0004806932362	-0.000269936203	-5.075593944e-05	-4.009277047	
0.13	0.088	-4.081620159	0.08536433247	-0.00763698121	-0.005223209677	-0.0005094875076	-0.0003368790169	-7.290295394e-05	-4.010035287	
0.13	0.09	-4.072833032	0.08080884115	-0.007067550608	-0.005079032195	-0.0005126717083	-0.0003515381653	-7.749833142e-05	-4.005112482	
0.13	0.092	-4.057221118	0.07534392974	-0.006542796928	-0.004899007123	-0.0004937224635	-0.000321262316	-6.706310137e-05	-3.99420104	
0.13	0.094	-4.034655726	0.06866790157	-0.00605029792	-0.004688524484	-0.000454876605	-0.0002497540309	-4.280261162e-05	-3.97747408	
0.13	0.096	-4.005040011	0.06113686404	-0.005593867768	-0.004464653503	-0.0004030217616	-0.0001515738964	-9.64935746e-06	-3.954525914	
0.13	0.098	-3.96830809	0.05283131193	-0.005160391452	-0.004228461458	-0.0003405170982	-3.124695023e-05	3.093100448e-05	-3.925206464	
0.13	0.1	-3.924423787	0.04355271651	-0.004745206053	-0.003966757454	-0.0002612767017	0.0001235665854	8.303616902e-05	-3.889637708	
0.15	0.08	-4.036875625	0.1009567032	-0.01126214029	-0.005923344398	-0.000147517027	0.0005361521273	0.000223334738	-3.952492436	
0.15	0.082	-4.051172228	0.1021665671	-0.01038330496	-0.005948791051	-0.0002887134446	0.0002361301788	0.0001232583778	-3.965267082	
0.15	0.084	-4.059208157	0.1015059166	-0.009596699901	-0.005949081107	-0.0004087324913	-1.768490077e-05	3.87398651e-05	-3.973635699	
0.15	0.086	-4.060847628	0.09883877279	-0.008881450638	-0.005914528317	-0.0004926508064	-0.0001989199552	-2.147997724e-05	-3.977517885	
0.15	0.088	-4.055991998	0.09567902018	-0.008250980961	-0.005842260046	-0.0005486887844	-0.0003205877948	-6.180269968e-05	-3.975337298	
0.15	0.09	-4.044547947	0.091062035	-0.007650328813	-0.005736788755	-0.0005782541918	-0.000388317957	-8.400831182e-05	-3.96792361	
0.15	0.092	-4.02637516	0.08550964886	-0.007092035299	-0.005574819971	-0.0005756000982	-0.0003909472608	-8.445530165e-05	-3.954583369	
0.15	0.094	-4.001341958	0.07886489717	-0.006571710022	-0.005400980576	-0.0005623135228	-0.0003708355897	-7.723474773e-05	-3.935460136	
0.15	0.096	-3.96934818	0.07100694687	-0.006083490009	-0.005187611609	-0.0005223860355	-0.0002967519571	-5.201991011e-05	-3.910483493	
0.15	0.098	-3.930324606	0.06243866972	-0.005617648092	-0.004958194859	-0.0004693926525	-0.000195629966	-1.774930917e-05	-3.879144551	
0.15	0.1	-3.884231624	0.05314672965	-0.005173233115	-0.004712756931	-0.0004045781185	-6.974441916e-05	2.480307559e-05	-3.841420404	
0.17	0.08	-4.025965292	0.1097767875	-0.01190679603	-0.006304367608	-4.752191491e-05	0.0008297353544	0.0003265090917	-3.933290946	
0.17	0.082	-4.03724454	0.1109413548	-0.01100966268	-0.006369502639	-0.0002152528464	0.0004764976651	0.0002087626663	-3.943212343	
0.17	0.084	-4.042376496	0.11025149	-0.01020206308	-0.006416242772	-0.000366384772	0.0001605575938	0.0001036187664	-3.94884552	
0.17	0.086	-4.041222999	0.1084088837	-0.009464638911	-0.006437462283	-0.0004846146122	-8.973098111e-05	2.046191282e-05	-3.9492701	
0.17	0.088	-4.033678285	0.10483226	-0.008809849998	-0.006402827181	-0.000566337599	-0.0002628777144	-3.695323635e-05	-3.944924871	
0.17	0.09	-4.019639355	0.1005269366	-0.008178847353	-0.006322674629	-0.0006149500406	-0.0003688817777	-7.18301948e-05	-3.934669603	
0.17	0.092	-3.998961265	0.09504787023	-0.00759816409	-0.006211194643	-0.0006441394856	-0.0004354063247	-9.349018966e-05	-3.918895789	
0.17	0.094	-3.971509867	0.08834567774	-0.007048566391	-0.006053891761	-0.0006459515329	-0.0004456724744	-9.629938329e-05	-3.897454571	
0.17	0.096	-3.937182464	0.080485149	-0.006534325413	-0.005863689738	-0.0006238910181	-0.0004074835072	-8.29525369e-05	-3.870209657	
0.17	0.098	-3.895907028	0.07195516864	-0.006042174281	-0.00565556663	-0.0005872237802	-0.0003391185961	-5.950799479e-05	-3.836635451	
0.17	0.1	-3.847641056	0.06271126888	-0.005569684707	-0.00542115805	-0.0005337354213	-0.0002358221301	-2.439005747e-05	-3.796714577	
