#T	rho	first order	correction 1	correction 2	correction 3	correction4	correction 5	correction 6	second order 
0.3	0.95	-6.279073064	0.1881791955	-0.01327857399	-0.009333272021	-0.00132400029	-0.000908772269	-9.907469423e-05	-6.115837562	
0.3	0.97	-6.34870774	0.1883699928	-0.01255906017	-0.009072353062	-0.001371352757	-0.001096725615	-0.0001721768951	-6.184609416	
0.3	0.99	-6.403966519	0.1864602617	-0.01188580647	-0.00876010307	-0.001378632648	-0.001195606424	-0.0002152420666	-6.240941648	
0.3	1.01	-6.443638239	0.1825333218	-0.011247492	-0.008429265643	-0.00136611298	-0.001249771194	-0.0002428506671	-6.28364041	
0.3	1.03	-6.466490982	0.1762664833	-0.01064517576	-0.008068707071	-0.001330363676	-0.001252552799	-0.0002523475776	-6.311773646	
0.3	1.05	-6.471273544	0.1676929518	-0.01006158862	-0.007663835646	-0.001258327612	-0.001176711545	-0.0002351601287	-6.323976216	
0.3	1.07	-6.45671212	0.1567765763	-0.009507953725	-0.007210115747	-0.00115562638	-0.001034237413	-0.0001950233164	-6.3190385	
0.3	1.09	-6.421513841	0.1433869043	-0.00898184542	-0.006720032914	-0.001025365008	-0.0008340431432	-0.0001354598527	-6.295823683	
0.3	1.11	-6.364375973	0.1275634586	-0.008462832981	-0.006169657205	-0.0008567888087	-0.0005521511031	-4.789774249e-05	-6.252901843	
0.3	1.13	-6.28399318	0.1094159649	-0.007971571174	-0.005629524251	-0.0006860275034	-0.0002623954793	4.257969397e-05	-6.189084154	
0.3	1.15	-6.179036649	0.08875810685	-0.007486934027	-0.005024042823	-0.0004768170362	0.0001075630986	0.00016018575	-6.102998587	
0.6	0.95	-5.044216937	0.3089633427	-0.01803724946	-0.0127744361	-0.001140424332	0.0005592088856	0.0005253136974	-4.766121181	
0.6	0.97	-5.068858991	0.3112412766	-0.01717819659	-0.01257100363	-0.001275340039	0.000167509483	0.0003807060986	-4.788094039	
0.6	0.99	-5.079660104	0.3108515672	-0.01635884652	-0.01229828703	-0.001357149544	-0.0001125206091	0.0002732184551	-4.798662122	
0.6	1.01	-5.075433501	0.308682871	-0.015581116	-0.01204970612	-0.001446374902	-0.0003999461986	0.0001640996064	-4.796063674	
0.6	1.03	-5.054968009	0.3037666533	-0.01486818842	-0.01188156819	-0.001568846137	-0.0007513201722	3.491553403e-05	-4.780236363	
0.6	1.05	-5.017027047	0.2969337873	-0.01418045645	-0.01172070292	-0.001673504129	-0.001060832707	-8.023048884e-05	-4.748808987	
0.6	1.07	-4.960350051	0.2876958727	-0.01354253334	-0.01155715547	-0.001774442097	-0.001354845287	-0.0001891445065	-4.701072299	
0.6	1.09	-4.883655291	0.276018794	-0.01294230082	-0.01136362168	-0.001849740621	-0.001598082629	-0.0002812115885	-4.635671455	
0.6	1.11	-4.785645449	0.2621830519	-0.01234098162	-0.01108286157	-0.001872264851	-0.001727998412	-0.0003344263035	-4.55082093	
0.6	1.13	-4.665007802	0.2456414118	-0.01176646523	-0.01079354013	-0.001880501243	-0.00182531718	-0.0003764529888	-4.446008667	
0.6	1.15	-4.520402522	0.2264383189	-0.01119841773	-0.01041822917	-0.001838480172	-0.001818238253	-0.0003830965961	-4.319620665	
0.9	0.95	-3.973471785	0.3975255438	-0.02173937973	-0.01542105714	-0.0009127245053	0.00190435007	0.001082955506	-3.611032097	
0.9	0.97	-3.957616117	0.4043358016	-0.02070146485	-0.01488167486	-0.0009158335255	0.001764704182	0.001020361725	-3.586994223	
0.9	0.99	-3.928223891	0.4083652054	-0.01974906182	-0.01445672894	-0.0009536535485	0.001551959439	0.0009330001612	-3.552533171	
0.9	1.01	-3.884132494	0.4096119695	-0.01886204016	-0.01418146977	-0.001068172262	0.001198761535	0.0007999668938	-3.506633478	
0.9	1.03	-3.824151875	0.4077074873	-0.01799056222	-0.01379842947	-0.001121851953	0.000965745035	0.0007084023139	-3.447681084	
0.9	1.05	-3.747065024	0.4036373421	-0.01721779401	-0.01374566198	-0.001314878388	0.0004600019119	0.0005254665425	-3.374720547	
0.9	1.07	-3.65162974	0.3965344341	-0.01647686993	-0.01360489048	-0.001464331207	5.002887549e-05	0.0003755020187	-3.286215867	
0.9	1.09	-3.536580844	0.386882575	-0.01580288897	-0.01353269327	-0.00163943678	-0.0004134201602	0.0002077362246	-3.180878972	
0.9	1.11	-3.400632983	0.3746604236	-0.01514543593	-0.01345582116	-0.001803282177	-0.0008461655451	5.113206755e-05	-3.057172132	
0.9	1.13	-3.242479366	0.3606043794	-0.0145268801	-0.01341771901	-0.001974905091	-0.001290002925	-0.0001087237874	-2.913193218	
0.9	1.15	-3.060785125	0.3436965374	-0.01391262022	-0.0132821518	-0.002088821636	-0.001614751871	-0.0002282044814	-2.748215138	
1.2	0.95	-3.00103004	0.4655467705	-0.02457508549	-0.01682754948	-0.0002799221367	0.003932094408	0.00185252562	-2.571381207	
1.2	0.97	-2.947485758	0.4773232437	-0.02357342359	-0.01668187176	-0.0005057920646	0.003343664375	0.001638974591	-2.505940963	
1.2	0.99	-2.880617631	0.4877073988	-0.02253500754	-0.01616201787	-0.0005197739087	0.003162221793	0.001560652785	-2.427404157	
1.2	1.01	-2.799281273	0.4926193454	-0.02155175115	-0.01579036133	-0.0006134952148	0.002842010024	0.001437385947	-2.340338139	
1.2	1.03	-2.702303507	0.4939702806	-0.02055046799	-0.01518975687	-0.0005845493779	0.00276157452	0.001395660169	-2.240500766	
1.2	1.05	-2.588483976	0.4949242672	-0.01968731367	-0.01510521663	-0.0007867929727	0.00222453272	0.001200726861	-2.125713772	
1.2	1.07	-2.456596564	0.4903622057	-0.01883550132	-0.01484379164	-0.000901107997	0.001870596107	0.001067575354	-1.997876588	
1.2	1.09	-2.305390921	0.4847866654	-0.01806697664	-0.01470368841	-0.001071568512	0.001402949629	0.0008970107134	-1.852146528	
1.2	1.11	-2.133593704	0.4745311081	-0.01733461007	-0.0146531592	-0.001277885678	0.0008700103443	0.0007051022318	-1.690753138	
1.2	1.13	-1.939907369	0.4615796567	-0.01665790673	-0.01471342376	-0.001527256509	0.0002563151654	0.000486955597	-1.510483028	
1.2	1.15	-1.723005607	0.4471809672	-0.01600385003	-0.01475434708	-0.001755674759	-0.0003123133878	0.000284594652	-1.30836623	
