#T	rho	first order	correction 1	correction 2	correction 3	correction4	correction 5	correction 6	second order 
0.09	0.08	-4.069265508	0.05978389696	-0.007836044739	0.002273043805	0.002984579191	0.006774496321	0.001708530507	-4.003577006	
0.09	0.082	-4.095308723	0.05673286603	-0.007035701375	0.004000281074	0.002842367794	0.006369103231	0.001537366968	-4.03086244	
0.09	0.084	-4.114767036	0.0535335088	-0.006540836465	0.004210655815	0.002078723988	0.004625492477	0.0009590961415	-4.055900395	
0.09	0.086	-4.1271965	0.05082531195	-0.006392431113	0.002823913815	0.0004136293102	0.001465930847	-2.162801197e-05	-4.078081773	
0.09	0.088	-4.132319339	0.04864196244	-0.006413293366	0.0007908159635	-0.001577798565	-0.002188477813	-0.001097264947	-4.094163395	
0.09	0.09	-4.13005031	0.04686216522	-0.006252699428	-0.0006838441571	-0.003222065393	-0.00512328881	-0.001861894868	-4.100331937	
0.09	0.092	-4.120486317	0.04536568983	-0.005968019416	-0.001592857453	-0.004489882046	-0.007347865951	-0.002352336541	-4.096871589	
0.09	0.094	-4.103878626	0.04390977122	-0.005447734259	-0.001697824041	-0.005064531063	-0.008239602646	-0.002403743265	-4.08282229	
0.09	0.096	-4.080616506	0.0419538468	-0.004699577586	-0.0005239172488	-0.004805045525	-0.007504507487	-0.001953484593	-4.058149192	
0.09	0.098	-4.051167311	0.03911676215	-0.003880438013	0.001672912822	-0.003775165646	-0.005145478777	-0.00105726286	-4.024235981	
0.09	0.1	-4.016095086	0.03518975356	-0.003054266564	0.004973801802	-0.001957761463	-0.001093986912	0.0003010510216	-3.981736494	
0.11	0.08	-4.041189518	0.07100977789	-0.008362404825	0.004421513362	0.004060805416	0.009410115468	0.002550575211	-3.958099135	
0.11	0.082	-4.064192137	0.06604875804	-0.007790337982	0.005103568488	0.003230680012	0.007739538676	0.001974785077	-3.987885145	
0.11	0.084	-4.080760688	0.06197306549	-0.007635046071	0.003775043371	0.001660778759	0.004226187729	0.0008223311546	-4.015938328	
0.11	0.086	-4.090466699	0.05853365171	-0.007778560116	0.001003700524	-0.00076670199	-0.0005269197311	-0.0006766785984	-4.040678208	
0.11	0.088	-4.093030493	0.05598068242	-0.007985383721	-0.002002070402	-0.003310873013	-0.00533302937	-0.002129665446	-4.057810833	
0.11	0.09	-4.088337476	0.05405772514	-0.007960522893	-0.004286784659	-0.005408018941	-0.009172928172	-0.003196394561	-4.0643044	
0.11	0.092	-4.076431198	0.05317458816	-0.007581198041	-0.005058591755	-0.00668290107	-0.0113505215	-0.003674956328	-4.057604779	
0.11	0.094	-4.057502552	0.05224137189	-0.006988735716	-0.005190834781	-0.007311227899	-0.01224880474	-0.003732757392	-4.040733541	
0.11	0.096	-4.031879532	0.05081752494	-0.006154837632	-0.003900141517	-0.007043914869	-0.01141237071	-0.00323990692	-4.012813179	
0.11	0.098	-3.999990672	0.04873185832	-0.005021990421	-0.0005698331478	-0.005488771025	-0.007915567795	-0.001951483345	-3.972206459	
0.11	0.1	-3.962387236	0.04499396064	-0.003780310318	0.00442812042	-0.002841423662	-0.002136831882	-1.06475603e-06	-3.921724786	
0.13	0.08	-4.01756282	0.08483943567	-0.008875308961	0.006375069028	0.005031530297	0.01182578389	0.003332117344	-3.915034193	
0.13	0.082	-4.03762962	0.0782966967	-0.008788416296	0.00499012429	0.00301828794	0.007919958316	0.002025578169	-3.950167391	
0.13	0.084	-4.051396738	0.07250204334	-0.009117985082	0.001576587729	0.0003828081787	0.002139573669	0.0001322725888	-3.983781438	
0.13	0.086	-4.058457987	0.06764339727	-0.009737765846	-0.003272953701	-0.003143528186	-0.004855544891	-0.002106075834	-4.013930458	
0.13	0.088	-4.058535009	0.06454919495	-0.01019031291	-0.007448364501	-0.006327950372	-0.01098262848	-0.003996985143	-4.032932056	
0.13	0.09	-4.051488335	0.06295089793	-0.01016277355	-0.009956241524	-0.008569587593	-0.01511921433	-0.005163843135	-4.037509098	
0.13	0.092	-4.037318469	0.06220194381	-0.009854417513	-0.01122503299	-0.01015281401	-0.01787147311	-0.005839274656	-4.030059537	
0.13	0.094	-4.016165621	0.06167887967	-0.009083465047	-0.01091032458	-0.01058931192	-0.01829842908	-0.005748329354	-4.009116601	
0.13	0.096	-3.988303402	0.06071084172	-0.007853223459	-0.008226760902	-0.009668916612	-0.01608220104	-0.004790201144	-3.974213864	
0.13	0.098	-3.95412674	0.05873108582	-0.006271620178	-0.003231660808	-0.007319330373	-0.01091872715	-0.002936817859	-3.926073811	
0.13	0.1	-3.914171456	0.05591659537	-0.004375295157	0.004424036226	-0.00335983896	-0.002458751954	-7.869918199e-05	-3.86410341	
0.15	0.08	-3.997724048	0.1059354527	-0.00984979874	0.006298327082	0.004986052055	0.01220196239	0.003443142885	-3.87470891	
0.15	0.082	-4.014951603	0.09620885038	-0.01047798715	0.001935462053	0.001355267427	0.005194930277	0.001115031201	-3.919620048	
0.15	0.084	-4.026005346	0.08717968674	-0.01151785261	-0.004448401855	-0.002785157906	-0.003706658032	-0.001803812161	-3.963087542	
0.15	0.086	-4.030501613	0.08152347666	-0.01248140359	-0.01081726733	-0.007119660133	-0.01234094908	-0.004585796639	-3.996323213	
0.15	0.088	-4.028160671	0.07766503193	-0.01318065234	-0.01609978594	-0.01091097562	-0.01970437561	-0.006890830483	-4.017282259	
0.15	0.09	-4.018825669	0.07575317104	-0.01317565653	-0.0189440048	-0.01333767725	-0.02423397953	-0.008188641492	-4.020952457	
0.15	0.092	-4.002461641	0.07512476012	-0.01269855916	-0.01972674295	-0.01472116532	-0.02656003818	-0.008726106285	-4.009769492	
0.15	0.094	-3.979164991	0.07453846063	-0.0115372976	-0.01805785218	-0.01451171908	-0.02561656356	-0.008191189624	-3.982541152	
0.15	0.096	-3.94916729	0.07297353214	-0.009790952554	-0.0134624277	-0.01267321845	-0.02149842174	-0.006597685311	-3.940216463	
0.15	0.098	-3.912835547	0.07210344691	-0.007290978143	-0.004958127193	-0.008601007041	-0.01282541384	-0.003566680834	-3.877974307	
0.15	0.1	-3.870680043	0.06918797586	-0.004379638974	0.006855845851	-0.002581212974	-0.0001916416039	0.000694189446	-3.801094526	
0.17	0.08	-3.981210021	0.131872451	-0.01180926282	0.002122020223	0.002894331867	0.008478261518	0.002195209301	-3.845457009	
0.17	0.082	-3.995692632	0.1224411768	-0.01318009042	-0.005282397921	-0.002373088995	-0.001653034686	-0.001164756306	-3.896904823	
0.17	0.084	-4.004117399	0.1132072147	-0.01478950799	-0.0140436745	-0.007709882038	-0.01305658628	-0.004903733296	-3.945413569	
0.17	0.086	-4.006123043	0.1057226193	-0.01628071787	-0.02269622704	-0.01322804106	-0.02405311436	-0.008473845279	-3.985132369	
0.17	0.088	-4.001431369	0.1017524899	-0.0171192089	-0.02857983437	-0.01737373034	-0.03213490338	-0.01102375529	-4.005910312	
0.17	0.09	-3.989869367	0.09833078736	-0.01693590682	-0.03098144297	-0.01958232287	-0.03626281368	-0.01218568344	-4.007486749	
0.17	0.092	-3.971373821	0.09633290849	-0.01601227593	-0.0301398874	-0.02018473674	-0.03701604788	-0.01219949961	-3.99059336	
0.17	0.094	-3.94600485	0.09519225844	-0.01415146373	-0.02581848477	-0.01867808512	-0.03340303518	-0.010794886	-3.953658547	
0.17	0.096	-3.913965846	0.09438215779	-0.01139495551	-0.01732999687	-0.01491889398	-0.02539941648	-0.007905634444	-3.896532585	
0.17	0.098	-3.87559423	0.09145950171	-0.007876614199	-0.004918342601	-0.00892918106	-0.01281866859	-0.003566817283	-3.822244352	
0.17	0.1	-3.831370314	0.08842984968	-0.00396098892	0.01103823417	-0.0008470180586	0.003971793524	0.00208929769	-3.730649146	
